5	1024
0 0 0 0 0 	4.022456
0 0 0 0 1 	-0.885741
0 0 0 0 2 	-4.522961
0 0 0 0 3 	6.600183
0 0 0 1 0 	2.366532
0 0 0 1 1 	-8.677180
0 0 0 1 2 	-0.138159
0 0 0 1 3 	6.585706
0 0 0 2 0 	-4.404135
0 0 0 2 1 	2.073633
0 0 0 2 2 	3.037261
0 0 0 2 3 	2.345883
0 0 0 3 0 	4.790854
0 0 0 3 1 	1.848798
0 0 0 3 2 	1.422970
0 0 0 3 3 	-1.741666
0 0 1 0 0 	-0.383526
0 0 1 0 1 	4.112172
0 0 1 0 2 	-5.238039
0 0 1 0 3 	3.634456
0 0 1 1 0 	6.090500
0 0 1 1 1 	-1.862619
0 0 1 1 2 	2.287548
0 0 1 1 3 	0.147564
0 0 1 2 0 	-3.318153
0 0 1 2 1 	-5.049545
0 0 1 2 2 	-2.742043
0 0 1 2 3 	8.437763
0 0 1 3 0 	-8.908320
0 0 1 3 1 	-4.766431
0 0 1 3 2 	-3.615761
0 0 1 3 3 	1.817139
0 0 2 0 0 	8.515320
0 0 2 0 1 	-4.342908
0 0 2 0 2 	2.848312
0 0 2 0 3 	-2.244251
0 0 2 1 0 	-2.875558
0 0 2 1 1 	-4.522969
0 0 2 1 2 	-2.504377
0 0 2 1 3 	-6.734173
0 0 2 2 0 	3.840498
0 0 2 2 1 	-13.510725
0 0 2 2 2 	0.747838
0 0 2 2 3 	-9.841238
0 0 2 3 0 	0.769609
0 0 2 3 1 	-1.008738
0 0 2 3 2 	4.876931
0 0 2 3 3 	-0.124691
0 0 3 0 0 	4.591752
0 0 3 0 1 	4.148377
0 0 3 0 2 	-1.123178
0 0 3 0 3 	-3.843958
0 0 3 1 0 	3.258638
0 0 3 1 1 	2.045876
0 0 3 1 2 	-2.457734
0 0 3 1 3 	-8.358706
0 0 3 2 0 	3.719237
0 0 3 2 1 	-13.469135
0 0 3 2 2 	0.505604
0 0 3 2 3 	5.392851
0 0 3 3 0 	-7.417991
0 0 3 3 1 	10.286982
0 0 3 3 2 	-3.979562
0 0 3 3 3 	-1.651106
0 1 0 0 0 	1.163104
0 1 0 0 1 	-1.766784
0 1 0 0 2 	1.395812
0 1 0 0 3 	-9.663921
0 1 0 1 0 	-0.907036
0 1 0 1 1 	7.590049
0 1 0 1 2 	1.836023
0 1 0 1 3 	2.768145
0 1 0 2 0 	-3.400638
0 1 0 2 1 	2.789938
0 1 0 2 2 	5.711235
0 1 0 2 3 	1.405355
0 1 0 3 0 	-0.280959
0 1 0 3 1 	0.481275
0 1 0 3 2 	3.873499
0 1 0 3 3 	-1.751919
0 1 1 0 0 	3.359915
0 1 1 0 1 	-6.067025
0 1 1 0 2 	4.274536
0 1 1 0 3 	-0.584164
0 1 1 1 0 	-1.468465
0 1 1 1 1 	-0.125671
0 1 1 1 2 	7.541088
0 1 1 1 3 	1.613030
0 1 1 2 0 	-1.644737
0 1 1 2 1 	5.541319
0 1 1 2 2 	3.360873
0 1 1 2 3 	2.889836
0 1 1 3 0 	-1.742996
0 1 1 3 1 	-0.122143
0 1 1 3 2 	2.729341
0 1 1 3 3 	-3.030302
0 1 2 0 0 	-0.689238
0 1 2 0 1 	-1.460973
0 1 2 0 2 	-5.525556
0 1 2 0 3 	-3.482498
0 1 2 1 0 	2.793532
0 1 2 1 1 	-4.122511
0 1 2 1 2 	-10.781503
0 1 2 1 3 	-5.304613
0 1 2 2 0 	-0.197457
0 1 2 2 1 	-2.321758
0 1 2 2 2 	-0.326485
0 1 2 2 3 	2.157661
0 1 2 3 0 	2.072931
0 1 2 3 1 	-1.381236
0 1 2 3 2 	-0.906487
0 1 2 3 3 	-3.053695
0 1 3 0 0 	-6.801177
0 1 3 0 1 	-2.643959
0 1 3 0 2 	-2.313437
0 1 3 0 3 	0.311608
0 1 3 1 0 	-0.800144
0 1 3 1 1 	3.832220
0 1 3 1 2 	-1.792016
0 1 3 1 3 	2.879928
0 1 3 2 0 	5.199084
0 1 3 2 1 	-5.722979
0 1 3 2 2 	2.765968
0 1 3 2 3 	-5.251706
0 1 3 3 0 	0.220776
0 1 3 3 1 	1.097941
0 1 3 3 2 	14.051165
0 1 3 3 3 	13.326598
0 2 0 0 0 	-3.909943
0 2 0 0 1 	3.666582
0 2 0 0 2 	8.045308
0 2 0 0 3 	0.912068
0 2 0 1 0 	3.002232
0 2 0 1 1 	-2.941288
0 2 0 1 2 	-0.333946
0 2 0 1 3 	2.422040
0 2 0 2 0 	1.788521
0 2 0 2 1 	-2.206905
0 2 0 2 2 	-1.379872
0 2 0 2 3 	-6.460241
0 2 0 3 0 	-1.522959
0 2 0 3 1 	2.738393
0 2 0 3 2 	-4.654609
0 2 0 3 3 	-0.653558
0 2 1 0 0 	0.897401
0 2 1 0 1 	-0.483206
0 2 1 0 2 	-4.135951
0 2 1 0 3 	-6.352808
0 2 1 1 0 	-6.859595
0 2 1 1 1 	-0.238622
0 2 1 1 2 	-6.323083
0 2 1 1 3 	0.053917
0 2 1 2 0 	3.507938
0 2 1 2 1 	-4.549652
0 2 1 2 2 	1.857007
0 2 1 2 3 	-4.878764
0 2 1 3 0 	-1.232002
0 2 1 3 1 	2.569019
0 2 1 3 2 	-3.772709
0 2 1 3 3 	0.655184
0 2 2 0 0 	1.022679
0 2 2 0 1 	2.652833
0 2 2 0 2 	-1.156137
0 2 2 0 3 	4.970964
0 2 2 1 0 	-0.706960
0 2 2 1 1 	2.850214
0 2 2 1 2 	2.956098
0 2 2 1 3 	-4.353787
0 2 2 2 0 	1.137159
0 2 2 2 1 	-0.262937
0 2 2 2 2 	-3.110485
0 2 2 2 3 	4.854467
0 2 2 3 0 	-5.407019
0 2 2 3 1 	-1.722189
0 2 2 3 2 	-6.966977
0 2 2 3 3 	3.017793
0 2 3 0 0 	-4.636114
0 2 3 0 1 	1.419352
0 2 3 0 2 	-0.919953
0 2 3 0 3 	4.122385
0 2 3 1 0 	-2.843531
0 2 3 1 1 	3.815250
0 2 3 1 2 	5.051382
0 2 3 1 3 	-13.141939
0 2 3 2 0 	2.194975
0 2 3 2 1 	0.655094
0 2 3 2 2 	-8.365530
0 2 3 2 3 	-3.210441
0 2 3 3 0 	-2.164620
0 2 3 3 1 	-6.092690
0 2 3 3 2 	1.637801
0 2 3 3 3 	6.565421
0 3 0 0 0 	-4.042646
0 3 0 0 1 	5.857243
0 3 0 0 2 	0.323799
0 3 0 0 3 	-5.129208
0 3 0 1 0 	1.217109
0 3 0 1 1 	-6.180094
0 3 0 1 2 	5.707365
0 3 0 1 3 	-7.173954
0 3 0 2 0 	2.622236
0 3 0 2 1 	6.344862
0 3 0 2 2 	1.203573
0 3 0 2 3 	2.617212
0 3 0 3 0 	-2.791020
0 3 0 3 1 	0.901285
0 3 0 3 2 	-2.381737
0 3 0 3 3 	2.191471
0 3 1 0 0 	3.138350
0 3 1 0 1 	-0.864253
0 3 1 0 2 	0.146996
0 3 1 0 3 	4.276289
0 3 1 1 0 	3.974868
0 3 1 1 1 	-0.268197
0 3 1 1 2 	1.123445
0 3 1 1 3 	2.458541
0 3 1 2 0 	-2.656485
0 3 1 2 1 	-2.748813
0 3 1 2 2 	4.945925
0 3 1 2 3 	2.594341
0 3 1 3 0 	5.525385
0 3 1 3 1 	5.770172
0 3 1 3 2 	1.905050
0 3 1 3 3 	3.732729
0 3 2 0 0 	2.173081
0 3 2 0 1 	3.830633
0 3 2 0 2 	-2.460701
0 3 2 0 3 	-3.733699
0 3 2 1 0 	5.835855
0 3 2 1 1 	-1.133732
0 3 2 1 2 	-1.343172
0 3 2 1 3 	5.633745
0 3 2 2 0 	-3.405714
0 3 2 2 1 	2.586852
0 3 2 2 2 	3.149332
0 3 2 2 3 	-0.523918
0 3 2 3 0 	1.348323
0 3 2 3 1 	0.858480
0 3 2 3 2 	-3.531626
0 3 2 3 3 	-3.220623
0 3 3 0 0 	3.510041
0 3 3 0 1 	-3.966337
0 3 3 0 2 	-3.337956
0 3 3 0 3 	3.034596
0 3 3 1 0 	5.948074
0 3 3 1 1 	-4.172485
0 3 3 1 2 	-4.210735
0 3 3 1 3 	-2.197592
0 3 3 2 0 	-3.359495
0 3 3 2 1 	-0.623971
0 3 3 2 2 	8.904104
0 3 3 2 3 	-1.717872
0 3 3 3 0 	-2.956320
0 3 3 3 1 	4.764390
0 3 3 3 2 	-1.178468
0 3 3 3 3 	-5.631275
1 0 0 0 0 	-4.930513
1 0 0 0 1 	-3.022841
1 0 0 0 2 	5.362912
1 0 0 0 3 	-16.229492
1 0 0 1 0 	-1.459361
1 0 0 1 1 	4.455593
1 0 0 1 2 	-8.015310
1 0 0 1 3 	4.043604
1 0 0 2 0 	-6.119178
1 0 0 2 1 	4.053749
1 0 0 2 2 	-7.868175
1 0 0 2 3 	-5.481000
1 0 0 3 0 	-3.314382
1 0 0 3 1 	0.090648
1 0 0 3 2 	1.345763
1 0 0 3 3 	-0.706552
1 0 1 0 0 	3.598970
1 0 1 0 1 	-3.651337
1 0 1 0 2 	1.315914
1 0 1 0 3 	-0.245882
1 0 1 1 0 	0.159364
1 0 1 1 1 	-1.030192
1 0 1 1 2 	12.146235
1 0 1 1 3 	0.796133
1 0 1 2 0 	-2.304036
1 0 1 2 1 	-2.041777
1 0 1 2 2 	-1.081872
1 0 1 2 3 	0.673372
1 0 1 3 0 	4.522198
1 0 1 3 1 	0.663023
1 0 1 3 2 	-1.040314
1 0 1 3 3 	0.429609
1 0 2 0 0 	4.510438
1 0 2 0 1 	-4.195947
1 0 2 0 2 	0.510356
1 0 2 0 3 	-7.516719
1 0 2 1 0 	-4.178359
1 0 2 1 1 	4.036248
1 0 2 1 2 	-3.249447
1 0 2 1 3 	8.083656
1 0 2 2 0 	1.211575
1 0 2 2 1 	7.482059
1 0 2 2 2 	-3.521918
1 0 2 2 3 	-4.605424
1 0 2 3 0 	1.566244
1 0 2 3 1 	-2.331812
1 0 2 3 2 	0.325412
1 0 2 3 3 	-4.855229
1 0 3 0 0 	-0.704620
1 0 3 0 1 	-5.256000
1 0 3 0 2 	3.056910
1 0 3 0 3 	4.868215
1 0 3 1 0 	6.876298
1 0 3 1 1 	-11.659635
1 0 3 1 2 	-0.890858
1 0 3 1 3 	9.145457
1 0 3 2 0 	0.403716
1 0 3 2 1 	-2.307927
1 0 3 2 2 	-6.006419
1 0 3 2 3 	1.373276
1 0 3 3 0 	2.362014
1 0 3 3 1 	3.821568
1 0 3 3 2 	1.238892
1 0 3 3 3 	1.163440
1 1 0 0 0 	1.217565
1 1 0 0 1 	-7.837908
1 1 0 0 2 	1.737053
1 1 0 0 3 	4.856831
1 1 0 1 0 	8.691730
1 1 0 1 1 	1.485709
1 1 0 1 2 	2.101407
1 1 0 1 3 	-3.452722
1 1 0 2 0 	1.657795
1 1 0 2 1 	0.816891
1 1 0 2 2 	-1.952402
1 1 0 2 3 	-1.739105
1 1 0 3 0 	2.397396
1 1 0 3 1 	3.981222
1 1 0 3 2 	-4.408544
1 1 0 3 3 	2.898825
1 1 1 0 0 	5.953353
1 1 1 0 1 	3.050502
1 1 1 0 2 	10.405357
1 1 1 0 3 	6.384791
1 1 1 1 0 	6.911520
1 1 1 1 1 	2.928149
1 1 1 1 2 	4.083225
1 1 1 1 3 	26.850011
1 1 1 2 0 	4.150894
1 1 1 2 1 	3.326808
1 1 1 2 2 	1.760225
1 1 1 2 3 	7.565471
1 1 1 3 0 	3.327300
1 1 1 3 1 	-0.761073
1 1 1 3 2 	2.937890
1 1 1 3 3 	3.898518
1 1 2 0 0 	-1.307097
1 1 2 0 1 	-3.602710
1 1 2 0 2 	3.652967
1 1 2 0 3 	0.880351
1 1 2 1 0 	-3.898893
1 1 2 1 1 	-1.195387
1 1 2 1 2 	-0.721079
1 1 2 1 3 	-3.880144
1 1 2 2 0 	2.534019
1 1 2 2 1 	-0.213765
1 1 2 2 2 	-2.813171
1 1 2 2 3 	-5.026311
1 1 2 3 0 	9.377754
1 1 2 3 1 	-4.063557
1 1 2 3 2 	-2.525160
1 1 2 3 3 	-2.583754
1 1 3 0 0 	-6.143467
1 1 3 0 1 	-5.255874
1 1 3 0 2 	-3.680800
1 1 3 0 3 	-3.218424
1 1 3 1 0 	0.893936
1 1 3 1 1 	-1.089912
1 1 3 1 2 	-2.910618
1 1 3 1 3 	-7.954745
1 1 3 2 0 	3.687296
1 1 3 2 1 	4.545758
1 1 3 2 2 	4.205458
1 1 3 2 3 	5.723619
1 1 3 3 0 	-2.587024
1 1 3 3 1 	-3.932438
1 1 3 3 2 	-3.966993
1 1 3 3 3 	-7.289997
1 2 0 0 0 	-6.031123
1 2 0 0 1 	-0.680616
1 2 0 0 2 	11.276251
1 2 0 0 3 	-3.618662
1 2 0 1 0 	4.855075
1 2 0 1 1 	7.014907
1 2 0 1 2 	0.186614
1 2 0 1 3 	1.804397
1 2 0 2 0 	6.884811
1 2 0 2 1 	0.769672
1 2 0 2 2 	2.997106
1 2 0 2 3 	-5.703394
1 2 0 3 0 	-4.966363
1 2 0 3 1 	-2.937626
1 2 0 3 2 	-1.035621
1 2 0 3 3 	1.809482
1 2 1 0 0 	8.278865
1 2 1 0 1 	1.577738
1 2 1 0 2 	5.725383
1 2 1 0 3 	2.267603
1 2 1 1 0 	7.085132
1 2 1 1 1 	-2.253570
1 2 1 1 2 	6.900934
1 2 1 1 3 	2.706978
1 2 1 2 0 	-5.010771
1 2 1 2 1 	3.241766
1 2 1 2 2 	-0.752548
1 2 1 2 3 	-4.324972
1 2 1 3 0 	-0.332181
1 2 1 3 1 	2.421200
1 2 1 3 2 	-5.081939
1 2 1 3 3 	-1.635384
1 2 2 0 0 	3.209430
1 2 2 0 1 	-10.299872
1 2 2 0 2 	-0.349198
1 2 2 0 3 	1.783295
1 2 2 1 0 	0.838090
1 2 2 1 1 	3.087879
1 2 2 1 2 	-4.134488
1 2 2 1 3 	0.126535
1 2 2 2 0 	-4.586271
1 2 2 2 1 	-0.043774
1 2 2 2 2 	4.171852
1 2 2 2 3 	-2.794995
1 2 2 3 0 	-5.872407
1 2 2 3 1 	2.353535
1 2 2 3 2 	0.819744
1 2 2 3 3 	-4.143765
1 2 3 0 0 	-4.235182
1 2 3 0 1 	2.546659
1 2 3 0 2 	2.373718
1 2 3 0 3 	-6.112335
1 2 3 1 0 	2.802244
1 2 3 1 1 	4.610158
1 2 3 1 2 	0.575090
1 2 3 1 3 	-5.018127
1 2 3 2 0 	2.906458
1 2 3 2 1 	-3.137052
1 2 3 2 2 	2.940971
1 2 3 2 3 	5.916225
1 2 3 3 0 	-5.566594
1 2 3 3 1 	6.720660
1 2 3 3 2 	-4.580279
1 2 3 3 3 	-1.659829
1 3 0 0 0 	2.976243
1 3 0 0 1 	2.384579
1 3 0 0 2 	2.434521
1 3 0 0 3 	5.265990
1 3 0 1 0 	-5.015228
1 3 0 1 1 	3.868884
1 3 0 1 2 	1.535861
1 3 0 1 3 	18.051902
1 3 0 2 0 	-1.770192
1 3 0 2 1 	-1.750911
1 3 0 2 2 	-3.566950
1 3 0 2 3 	2.957366
1 3 0 3 0 	0.746348
1 3 0 3 1 	2.203577
1 3 0 3 2 	2.208858
1 3 0 3 3 	3.982459
1 3 1 0 0 	5.834562
1 3 1 0 1 	0.468656
1 3 1 0 2 	-1.903880
1 3 1 0 3 	4.147728
1 3 1 1 0 	-1.547736
1 3 1 1 1 	-7.941674
1 3 1 1 2 	-0.447520
1 3 1 1 3 	3.282089
1 3 1 2 0 	-0.374430
1 3 1 2 1 	0.909082
1 3 1 2 2 	-3.213018
1 3 1 2 3 	3.367689
1 3 1 3 0 	1.950539
1 3 1 3 1 	8.488422
1 3 1 3 2 	8.199252
1 3 1 3 3 	-3.405297
1 3 2 0 0 	-4.910087
1 3 2 0 1 	3.702466
1 3 2 0 2 	4.924858
1 3 2 0 3 	0.417042
1 3 2 1 0 	-5.821551
1 3 2 1 1 	6.354554
1 3 2 1 2 	1.053031
1 3 2 1 3 	1.509158
1 3 2 2 0 	-5.766683
1 3 2 2 1 	1.898091
1 3 2 2 2 	1.153345
1 3 2 2 3 	4.628247
1 3 2 3 0 	-3.312961
1 3 2 3 1 	6.570435
1 3 2 3 2 	0.362536
1 3 2 3 3 	5.712968
1 3 3 0 0 	4.671723
1 3 3 0 1 	1.569746
1 3 3 0 2 	-0.706538
1 3 3 0 3 	5.089774
1 3 3 1 0 	-4.950235
1 3 3 1 1 	0.082964
1 3 3 1 2 	-2.879215
1 3 3 1 3 	5.957403
1 3 3 2 0 	1.963429
1 3 3 2 1 	3.902234
1 3 3 2 2 	-4.610275
1 3 3 2 3 	-0.506982
1 3 3 3 0 	5.293358
1 3 3 3 1 	-14.498264
1 3 3 3 2 	-1.653836
1 3 3 3 3 	2.832919
2 0 0 0 0 	4.613505
2 0 0 0 1 	2.621157
2 0 0 0 2 	1.411989
2 0 0 0 3 	-11.986733
2 0 0 1 0 	-1.996952
2 0 0 1 1 	-1.897753
2 0 0 1 2 	4.004212
2 0 0 1 3 	1.246140
2 0 0 2 0 	-2.119483
2 0 0 2 1 	-4.162277
2 0 0 2 2 	-0.817881
2 0 0 2 3 	-3.027921
2 0 0 3 0 	1.784766
2 0 0 3 1 	3.145005
2 0 0 3 2 	-4.019751
2 0 0 3 3 	3.810538
2 0 1 0 0 	-2.727195
2 0 1 0 1 	-2.262277
2 0 1 0 2 	2.088549
2 0 1 0 3 	4.482008
2 0 1 1 0 	4.699403
2 0 1 1 1 	0.261378
2 0 1 1 2 	-1.129186
2 0 1 1 3 	0.812648
2 0 1 2 0 	-1.711987
2 0 1 2 1 	-5.126778
2 0 1 2 2 	9.110690
2 0 1 2 3 	-16.621298
2 0 1 3 0 	2.358074
2 0 1 3 1 	-4.437477
2 0 1 3 2 	3.080282
2 0 1 3 3 	-5.051279
2 0 2 0 0 	-1.354555
2 0 2 0 1 	1.008088
2 0 2 0 2 	0.439738
2 0 2 0 3 	4.706112
2 0 2 1 0 	-1.124887
2 0 2 1 1 	2.421203
2 0 2 1 2 	-4.158883
2 0 2 1 3 	-2.333919
2 0 2 2 0 	1.722570
2 0 2 2 1 	3.689763
2 0 2 2 2 	5.242664
2 0 2 2 3 	-1.967382
2 0 2 3 0 	-5.021416
2 0 2 3 1 	0.038762
2 0 2 3 2 	0.925567
2 0 2 3 3 	-2.420803
2 0 3 0 0 	-1.179241
2 0 3 0 1 	2.761494
2 0 3 0 2 	-0.934271
2 0 3 0 3 	1.772805
2 0 3 1 0 	-3.493299
2 0 3 1 1 	-2.915490
2 0 3 1 2 	-2.469863
2 0 3 1 3 	-11.505919
2 0 3 2 0 	-1.026792
2 0 3 2 1 	3.684506
2 0 3 2 2 	-14.246081
2 0 3 2 3 	2.774396
2 0 3 3 0 	3.005578
2 0 3 3 1 	-7.899200
2 0 3 3 2 	0.473331
2 0 3 3 3 	4.310666
2 1 0 0 0 	-2.248565
2 1 0 0 1 	0.785525
2 1 0 0 2 	-1.737446
2 1 0 0 3 	-2.555725
2 1 0 1 0 	-11.209214
2 1 0 1 1 	3.446729
2 1 0 1 2 	-4.001297
2 1 0 1 3 	-2.650827
2 1 0 2 0 	-6.588597
2 1 0 2 1 	-6.386795
2 1 0 2 2 	-0.566905
2 1 0 2 3 	3.346646
2 1 0 3 0 	-0.271616
2 1 0 3 1 	-4.798118
2 1 0 3 2 	-1.184570
2 1 0 3 3 	1.378405
2 1 1 0 0 	-2.140478
2 1 1 0 1 	-3.176956
2 1 1 0 2 	-6.712499
2 1 1 0 3 	-0.417792
2 1 1 1 0 	0.744281
2 1 1 1 1 	-2.157124
2 1 1 1 2 	-0.278806
2 1 1 1 3 	-0.042399
2 1 1 2 0 	-2.396140
2 1 1 2 1 	-0.988000
2 1 1 2 2 	-1.388350
2 1 1 2 3 	-2.928215
2 1 1 3 0 	-3.123014
2 1 1 3 1 	7.149185
2 1 1 3 2 	4.233708
2 1 1 3 3 	-8.635075
2 1 2 0 0 	-3.400607
2 1 2 0 1 	-3.704860
2 1 2 0 2 	3.909777
2 1 2 0 3 	-8.819612
2 1 2 1 0 	-2.436258
2 1 2 1 1 	-6.181604
2 1 2 1 2 	1.279595
2 1 2 1 3 	3.747375
2 1 2 2 0 	-1.347117
2 1 2 2 1 	-0.788626
2 1 2 2 2 	-3.347299
2 1 2 2 3 	-11.089948
2 1 2 3 0 	-6.280054
2 1 2 3 1 	-2.288492
2 1 2 3 2 	-4.098148
2 1 2 3 3 	3.552054
2 1 3 0 0 	-0.263145
2 1 3 0 1 	-2.605403
2 1 3 0 2 	2.342164
2 1 3 0 3 	-0.215309
2 1 3 1 0 	-2.620271
2 1 3 1 1 	-2.083878
2 1 3 1 2 	-7.220221
2 1 3 1 3 	4.073988
2 1 3 2 0 	-2.503456
2 1 3 2 1 	-1.265576
2 1 3 2 2 	-1.896142
2 1 3 2 3 	-3.697794
2 1 3 3 0 	3.386187
2 1 3 3 1 	-4.902700
2 1 3 3 2 	0.243156
2 1 3 3 3 	7.526117
2 2 0 0 0 	2.103472
2 2 0 0 1 	-5.120680
2 2 0 0 2 	-1.894698
2 2 0 0 3 	0.631403
2 2 0 1 0 	7.701078
2 2 0 1 1 	-1.002244
2 2 0 1 2 	-4.457876
2 2 0 1 3 	6.073735
2 2 0 2 0 	-1.750830
2 2 0 2 1 	4.100155
2 2 0 2 2 	-0.427005
2 2 0 2 3 	-5.597246
2 2 0 3 0 	3.596170
2 2 0 3 1 	-3.017579
2 2 0 3 2 	0.919948
2 2 0 3 3 	0.246945
2 2 1 0 0 	-4.034566
2 2 1 0 1 	10.440268
2 2 1 0 2 	-6.636944
2 2 1 0 3 	4.759124
2 2 1 1 0 	-15.413550
2 2 1 1 1 	-3.609536
2 2 1 1 2 	1.844070
2 2 1 1 3 	-1.004759
2 2 1 2 0 	-6.079123
2 2 1 2 1 	-4.649109
2 2 1 2 2 	10.828986
2 2 1 2 3 	4.806205
2 2 1 3 0 	-0.240648
2 2 1 3 1 	4.395870
2 2 1 3 2 	2.235397
2 2 1 3 3 	-8.483733
2 2 2 0 0 	-0.878505
2 2 2 0 1 	6.556249
2 2 2 0 2 	-0.871000
2 2 2 0 3 	4.213361
2 2 2 1 0 	3.621021
2 2 2 1 1 	3.683086
2 2 2 1 2 	5.225924
2 2 2 1 3 	2.140527
2 2 2 2 0 	30.640940
2 2 2 2 1 	11.868006
2 2 2 2 2 	-0.609567
2 2 2 2 3 	8.616264
2 2 2 3 0 	3.444406
2 2 2 3 1 	-4.427541
2 2 2 3 2 	5.155260
2 2 2 3 3 	-2.272666
2 2 3 0 0 	-2.808187
2 2 3 0 1 	2.482630
2 2 3 0 2 	-5.620584
2 2 3 0 3 	3.783965
2 2 3 1 0 	-1.995152
2 2 3 1 1 	-0.106855
2 2 3 1 2 	-2.437932
2 2 3 1 3 	0.412258
2 2 3 2 0 	1.583518
2 2 3 2 1 	-1.694030
2 2 3 2 2 	-3.728501
2 2 3 2 3 	6.095657
2 2 3 3 0 	3.456418
2 2 3 3 1 	-4.303749
2 2 3 3 2 	-4.793320
2 2 3 3 3 	-1.802075
2 3 0 0 0 	-1.222010
2 3 0 0 1 	3.612884
2 3 0 0 2 	7.475309
2 3 0 0 3 	-3.282850
2 3 0 1 0 	3.175738
2 3 0 1 1 	4.692567
2 3 0 1 2 	-1.495841
2 3 0 1 3 	-3.219366
2 3 0 2 0 	-1.814895
2 3 0 2 1 	4.243547
2 3 0 2 2 	-2.359558
2 3 0 2 3 	7.978089
2 3 0 3 0 	-1.211661
2 3 0 3 1 	-5.181939
2 3 0 3 2 	-5.429035
2 3 0 3 3 	-4.695511
2 3 1 0 0 	18.517455
2 3 1 0 1 	-4.133727
2 3 1 0 2 	5.226617
2 3 1 0 3 	-6.644989
2 3 1 1 0 	3.564060
2 3 1 1 1 	0.931561
2 3 1 1 2 	-0.993656
2 3 1 1 3 	-4.159427
2 3 1 2 0 	-0.107523
2 3 1 2 1 	-4.578301
2 3 1 2 2 	1.050122
2 3 1 2 3 	0.895099
2 3 1 3 0 	-1.969183
2 3 1 3 1 	0.365838
2 3 1 3 2 	-0.081844
2 3 1 3 3 	6.491134
2 3 2 0 0 	-10.144852
2 3 2 0 1 	-0.682730
2 3 2 0 2 	-1.256913
2 3 2 0 3 	-0.899580
2 3 2 1 0 	5.348372
2 3 2 1 1 	-3.132039
2 3 2 1 2 	22.378712
2 3 2 1 3 	-3.438543
2 3 2 2 0 	3.296444
2 3 2 2 1 	-7.263770
2 3 2 2 2 	2.262753
2 3 2 2 3 	4.602087
2 3 2 3 0 	1.564211
2 3 2 3 1 	-0.104555
2 3 2 3 2 	0.580523
2 3 2 3 3 	8.463621
2 3 3 0 0 	-1.494486
2 3 3 0 1 	-1.975426
2 3 3 0 2 	-0.987987
2 3 3 0 3 	-3.924913
2 3 3 1 0 	3.039521
2 3 3 1 1 	3.408900
2 3 3 1 2 	-3.821055
2 3 3 1 3 	-6.629777
2 3 3 2 0 	-1.064078
2 3 3 2 1 	-2.729627
2 3 3 2 2 	-1.505116
2 3 3 2 3 	-1.338103
2 3 3 3 0 	-6.906683
2 3 3 3 1 	-10.264307
2 3 3 3 2 	-3.068566
2 3 3 3 3 	-0.351071
3 0 0 0 0 	0.155008
3 0 0 0 1 	4.694198
3 0 0 0 2 	-5.782233
3 0 0 0 3 	-7.385528
3 0 0 1 0 	-6.091907
3 0 0 1 1 	-0.941124
3 0 0 1 2 	3.549335
3 0 0 1 3 	4.255975
3 0 0 2 0 	-1.314542
3 0 0 2 1 	-4.194899
3 0 0 2 2 	-0.331001
3 0 0 2 3 	12.565658
3 0 0 3 0 	0.790559
3 0 0 3 1 	2.724232
3 0 0 3 2 	1.806529
3 0 0 3 3 	2.630096
3 0 1 0 0 	-5.278390
3 0 1 0 1 	-3.292571
3 0 1 0 2 	2.894441
3 0 1 0 3 	-11.898842
3 0 1 1 0 	-9.605879
3 0 1 1 1 	2.232008
3 0 1 1 2 	2.387673
3 0 1 1 3 	1.630938
3 0 1 2 0 	-2.206736
3 0 1 2 1 	1.739227
3 0 1 2 2 	19.994415
3 0 1 2 3 	4.124433
3 0 1 3 0 	-8.270045
3 0 1 3 1 	3.869875
3 0 1 3 2 	-3.535114
3 0 1 3 3 	-7.218803
3 0 2 0 0 	0.301063
3 0 2 0 1 	4.111567
3 0 2 0 2 	6.410895
3 0 2 0 3 	-2.432151
3 0 2 1 0 	-0.537548
3 0 2 1 1 	-0.222443
3 0 2 1 2 	-2.654673
3 0 2 1 3 	-3.751674
3 0 2 2 0 	5.534022
3 0 2 2 1 	-10.376757
3 0 2 2 2 	-4.022123
3 0 2 2 3 	-3.437845
3 0 2 3 0 	-5.485093
3 0 2 3 1 	-4.858190
3 0 2 3 2 	-2.675171
3 0 2 3 3 	1.572269
3 0 3 0 0 	-7.455041
3 0 3 0 1 	-1.088362
3 0 3 0 2 	-1.946910
3 0 3 0 3 	-0.551649
3 0 3 1 0 	-2.750962
3 0 3 1 1 	-1.621334
3 0 3 1 2 	4.473695
3 0 3 1 3 	-0.096942
3 0 3 2 0 	4.872686
3 0 3 2 1 	-0.299425
3 0 3 2 2 	-0.118825
3 0 3 2 3 	-2.550951
3 0 3 3 0 	-0.585042
3 0 3 3 1 	-3.120610
3 0 3 3 2 	-13.097671
3 0 3 3 3 	-8.738202
3 1 0 0 0 	-4.790643
3 1 0 0 1 	-1.867992
3 1 0 0 2 	6.901402
3 1 0 0 3 	1.550888
3 1 0 1 0 	-2.360348
3 1 0 1 1 	1.928734
3 1 0 1 2 	-5.721459
3 1 0 1 3 	5.848184
3 1 0 2 0 	0.557849
3 1 0 2 1 	-2.003407
3 1 0 2 2 	3.781902
3 1 0 2 3 	-6.625508
3 1 0 3 0 	-4.951604
3 1 0 3 1 	-2.194636
3 1 0 3 2 	0.666765
3 1 0 3 3 	-0.997286
3 1 1 0 0 	5.143152
3 1 1 0 1 	-1.042218
3 1 1 0 2 	-3.144559
3 1 1 0 3 	4.558982
3 1 1 1 0 	-0.042112
3 1 1 1 1 	-2.055964
3 1 1 1 2 	-5.948964
3 1 1 1 3 	0.138935
3 1 1 2 0 	-2.672202
3 1 1 2 1 	-6.183958
3 1 1 2 2 	0.963396
3 1 1 2 3 	0.189260
3 1 1 3 0 	1.954578
3 1 1 3 1 	-8.233332
3 1 1 3 2 	1.684186
3 1 1 3 3 	-5.695203
3 1 2 0 0 	1.893221
3 1 2 0 1 	-1.379446
3 1 2 0 2 	-5.653087
3 1 2 0 3 	-3.094956
3 1 2 1 0 	0.262264
3 1 2 1 1 	4.182937
3 1 2 1 2 	-5.979738
3 1 2 1 3 	5.782417
3 1 2 2 0 	3.323010
3 1 2 2 1 	-2.594900
3 1 2 2 2 	2.514637
3 1 2 2 3 	8.294100
3 1 2 3 0 	3.946145
3 1 2 3 1 	-0.967797
3 1 2 3 2 	-1.968447
3 1 2 3 3 	-3.231882
3 1 3 0 0 	-0.142874
3 1 3 0 1 	-0.747405
3 1 3 0 2 	-1.465476
3 1 3 0 3 	2.605945
3 1 3 1 0 	2.655638
3 1 3 1 1 	-1.205655
3 1 3 1 2 	5.676795
3 1 3 1 3 	4.557255
3 1 3 2 0 	-7.265415
3 1 3 2 1 	-7.182717
3 1 3 2 2 	0.207018
3 1 3 2 3 	-15.864033
3 1 3 3 0 	2.881404
3 1 3 3 1 	6.392718
3 1 3 3 2 	1.738308
3 1 3 3 3 	-6.241386
3 2 0 0 0 	-3.533819
3 2 0 0 1 	-0.369658
3 2 0 0 2 	0.686832
3 2 0 0 3 	-2.723469
3 2 0 1 0 	-5.191411
3 2 0 1 1 	-3.271997
3 2 0 1 2 	1.189032
3 2 0 1 3 	-2.909570
3 2 0 2 0 	3.836082
3 2 0 2 1 	3.829139
3 2 0 2 2 	4.705884
3 2 0 2 3 	-0.677119
3 2 0 3 0 	-9.353221
3 2 0 3 1 	5.337803
3 2 0 3 2 	-0.117471
3 2 0 3 3 	2.345317
3 2 1 0 0 	1.315943
3 2 1 0 1 	9.116919
3 2 1 0 2 	6.040809
3 2 1 0 3 	-3.770042
3 2 1 1 0 	-0.004661
3 2 1 1 1 	-6.001948
3 2 1 1 2 	-0.566724
3 2 1 1 3 	-2.035633
3 2 1 2 0 	2.875225
3 2 1 2 1 	-0.648077
3 2 1 2 2 	-3.797399
3 2 1 2 3 	1.516074
3 2 1 3 0 	-4.281511
3 2 1 3 1 	-1.725653
3 2 1 3 2 	0.588303
3 2 1 3 3 	-0.280554
3 2 2 0 0 	-0.814486
3 2 2 0 1 	3.167554
3 2 2 0 2 	-2.367214
3 2 2 0 3 	2.444811
3 2 2 1 0 	1.328818
3 2 2 1 1 	-6.306670
3 2 2 1 2 	2.574855
3 2 2 1 3 	-4.649771
3 2 2 2 0 	-1.508350
3 2 2 2 1 	5.930035
3 2 2 2 2 	-2.021130
3 2 2 2 3 	-2.003278
3 2 2 3 0 	-8.279344
3 2 2 3 1 	3.265235
3 2 2 3 2 	2.788037
3 2 2 3 3 	2.921080
3 2 3 0 0 	-0.195392
3 2 3 0 1 	0.719826
3 2 3 0 2 	1.212009
3 2 3 0 3 	3.051307
3 2 3 1 0 	1.666912
3 2 3 1 1 	0.799194
3 2 3 1 2 	-0.763182
3 2 3 1 3 	-1.615010
3 2 3 2 0 	-3.180991
3 2 3 2 1 	0.608274
3 2 3 2 2 	1.422463
3 2 3 2 3 	0.238040
3 2 3 3 0 	5.730026
3 2 3 3 1 	-0.933191
3 2 3 3 2 	-7.783482
3 2 3 3 3 	-2.745093
3 3 0 0 0 	-7.124069
3 3 0 0 1 	1.107501
3 3 0 0 2 	1.603948
3 3 0 0 3 	7.005340
3 3 0 1 0 	-1.230627
3 3 0 1 1 	4.393382
3 3 0 1 2 	0.473542
3 3 0 1 3 	1.411109
3 3 0 2 0 	-0.085753
3 3 0 2 1 	-3.012629
3 3 0 2 2 	-6.095654
3 3 0 2 3 	11.756231
3 3 0 3 0 	6.390124
3 3 0 3 1 	-0.541590
3 3 0 3 2 	-4.182231
3 3 0 3 3 	-2.406399
3 3 1 0 0 	0.344993
3 3 1 0 1 	-3.455823
3 3 1 0 2 	0.012443
3 3 1 0 3 	2.890509
3 3 1 1 0 	3.176364
3 3 1 1 1 	-9.443982
3 3 1 1 2 	-0.710233
3 3 1 1 3 	6.288822
3 3 1 2 0 	-1.080929
3 3 1 2 1 	3.640393
3 3 1 2 2 	-3.226968
3 3 1 2 3 	3.456483
3 3 1 3 0 	3.365171
3 3 1 3 1 	1.123652
3 3 1 3 2 	3.566816
3 3 1 3 3 	6.003559
3 3 2 0 0 	2.612935
3 3 2 0 1 	-0.354409
3 3 2 0 2 	6.512554
3 3 2 0 3 	-2.993753
3 3 2 1 0 	3.157261
3 3 2 1 1 	-5.962853
3 3 2 1 2 	3.942332
3 3 2 1 3 	0.041278
3 3 2 2 0 	0.630169
3 3 2 2 1 	5.389597
3 3 2 2 2 	2.222272
3 3 2 2 3 	-5.425121
3 3 2 3 0 	-6.671712
3 3 2 3 1 	3.511256
3 3 2 3 2 	0.567705
3 3 2 3 3 	5.639949
3 3 3 0 0 	-0.490270
3 3 3 0 1 	-0.723228
3 3 3 0 2 	0.933718
3 3 3 0 3 	5.073764
3 3 3 1 0 	2.987757
3 3 3 1 1 	-7.200230
3 3 3 1 2 	3.791325
3 3 3 1 3 	5.234065
3 3 3 2 0 	4.318038
3 3 3 2 1 	10.460342
3 3 3 2 2 	1.135439
3 3 3 2 3 	-0.267930
3 3 3 3 0 	-3.870739
3 3 3 3 1 	4.142630
3 3 3 3 2 	11.946861
3 3 3 3 3 	-7.316815

