5	1024
0 0 0 0 0 	7.255612
0 0 0 0 1 	-3.610125
0 0 0 0 2 	4.624520
0 0 0 0 3 	12.308821
0 0 0 1 0 	1.916743
0 0 0 1 1 	-4.640062
0 0 0 1 2 	-1.702005
0 0 0 1 3 	17.398950
0 0 0 2 0 	7.061095
0 0 0 2 1 	1.411951
0 0 0 2 2 	2.429588
0 0 0 2 3 	1.090375
0 0 0 3 0 	0.969497
0 0 0 3 1 	3.423858
0 0 0 3 2 	-2.361539
0 0 0 3 3 	-0.914442
0 0 1 0 0 	-2.168507
0 0 1 0 1 	9.131543
0 0 1 0 2 	4.175151
0 0 1 0 3 	4.318983
0 0 1 1 0 	2.838471
0 0 1 1 1 	3.447749
0 0 1 1 2 	4.465443
0 0 1 1 3 	5.525458
0 0 1 2 0 	-0.699273
0 0 1 2 1 	-3.598889
0 0 1 2 2 	2.022251
0 0 1 2 3 	-5.744632
0 0 1 3 0 	-7.359879
0 0 1 3 1 	-2.446956
0 0 1 3 2 	-9.401163
0 0 1 3 3 	-7.272678
0 0 2 0 0 	-3.173645
0 0 2 0 1 	7.327236
0 0 2 0 2 	1.600584
0 0 2 0 3 	-3.632900
0 0 2 1 0 	-1.520364
0 0 2 1 1 	1.602955
0 0 2 1 2 	6.707261
0 0 2 1 3 	-6.326448
0 0 2 2 0 	0.185596
0 0 2 2 1 	-18.941001
0 0 2 2 2 	0.014530
0 0 2 2 3 	-3.211431
0 0 2 3 0 	6.718520
0 0 2 3 1 	-1.448360
0 0 2 3 2 	4.501460
0 0 2 3 3 	-3.592972
0 0 3 0 0 	8.011296
0 0 3 0 1 	-8.704413
0 0 3 0 2 	20.518517
0 0 3 0 3 	-2.527210
0 0 3 1 0 	-6.233667
0 0 3 1 1 	7.162675
0 0 3 1 2 	2.284626
0 0 3 1 3 	-19.757906
0 0 3 2 0 	4.072479
0 0 3 2 1 	-0.256710
0 0 3 2 2 	-2.050386
0 0 3 2 3 	1.835778
0 0 3 3 0 	-7.210226
0 0 3 3 1 	26.859261
0 0 3 3 2 	-3.079510
0 0 3 3 3 	-0.906518
0 1 0 0 0 	6.644986
0 1 0 0 1 	-5.035258
0 1 0 0 2 	0.018471
0 1 0 0 3 	-14.043979
0 1 0 1 0 	-4.361022
0 1 0 1 1 	-1.843393
0 1 0 1 2 	13.459347
0 1 0 1 3 	4.149757
0 1 0 2 0 	7.247071
0 1 0 2 1 	2.901985
0 1 0 2 2 	-2.156332
0 1 0 2 3 	0.249725
0 1 0 3 0 	4.030532
0 1 0 3 1 	-1.478473
0 1 0 3 2 	-5.485849
0 1 0 3 3 	-6.292423
0 1 1 0 0 	1.387951
0 1 1 0 1 	-10.065767
0 1 1 0 2 	3.759210
0 1 1 0 3 	-0.481239
0 1 1 1 0 	-1.705650
0 1 1 1 1 	-1.497419
0 1 1 1 2 	62.008863
0 1 1 1 3 	6.013556
0 1 1 2 0 	-12.641981
0 1 1 2 1 	-4.360525
0 1 1 2 2 	4.373495
0 1 1 2 3 	23.440282
0 1 1 3 0 	-4.049924
0 1 1 3 1 	-0.411905
0 1 1 3 2 	10.211817
0 1 1 3 3 	-2.743280
0 1 2 0 0 	-5.136595
0 1 2 0 1 	-3.655121
0 1 2 0 2 	-5.382432
0 1 2 0 3 	0.763742
0 1 2 1 0 	4.238200
0 1 2 1 1 	5.241733
0 1 2 1 2 	0.327820
0 1 2 1 3 	2.983138
0 1 2 2 0 	1.711075
0 1 2 2 1 	-4.456047
0 1 2 2 2 	-0.126480
0 1 2 2 3 	0.493875
0 1 2 3 0 	-2.972088
0 1 2 3 1 	-18.681864
0 1 2 3 2 	0.215855
0 1 2 3 3 	-4.058083
0 1 3 0 0 	-9.351397
0 1 3 0 1 	-4.558146
0 1 3 0 2 	-11.075088
0 1 3 0 3 	5.523142
0 1 3 1 0 	2.557703
0 1 3 1 1 	7.399551
0 1 3 1 2 	-5.130607
0 1 3 1 3 	4.189615
0 1 3 2 0 	6.483068
0 1 3 2 1 	3.001471
0 1 3 2 2 	-5.103547
0 1 3 2 3 	4.947682
0 1 3 3 0 	-6.551497
0 1 3 3 1 	3.456384
0 1 3 3 2 	-0.265736
0 1 3 3 3 	9.534777
0 2 0 0 0 	-22.672646
0 2 0 0 1 	21.525344
0 2 0 0 2 	1.037741
0 2 0 0 3 	-5.136827
0 2 0 1 0 	3.673797
0 2 0 1 1 	6.127415
0 2 0 1 2 	3.729778
0 2 0 1 3 	1.702329
0 2 0 2 0 	-5.652641
0 2 0 2 1 	4.303080
0 2 0 2 2 	-4.603802
0 2 0 2 3 	-0.636218
0 2 0 3 0 	2.337844
0 2 0 3 1 	-4.276521
0 2 0 3 2 	-15.922960
0 2 0 3 3 	-4.880594
0 2 1 0 0 	-0.143330
0 2 1 0 1 	6.721520
0 2 1 0 2 	-0.888720
0 2 1 0 3 	-1.176838
0 2 1 1 0 	-1.187325
0 2 1 1 1 	1.127846
0 2 1 1 2 	-2.871237
0 2 1 1 3 	0.392430
0 2 1 2 0 	5.967195
0 2 1 2 1 	-1.535469
0 2 1 2 2 	1.931574
0 2 1 2 3 	-13.695334
0 2 1 3 0 	-4.862134
0 2 1 3 1 	6.025699
0 2 1 3 2 	-8.111697
0 2 1 3 3 	2.555756
0 2 2 0 0 	26.274481
0 2 2 0 1 	0.733383
0 2 2 0 2 	-3.747898
0 2 2 0 3 	15.066947
0 2 2 1 0 	5.493414
0 2 2 1 1 	2.155446
0 2 2 1 2 	3.595966
0 2 2 1 3 	-3.020804
0 2 2 2 0 	-6.094458
0 2 2 2 1 	0.722461
0 2 2 2 2 	-1.964573
0 2 2 2 3 	3.644084
0 2 2 3 0 	3.010342
0 2 2 3 1 	6.353932
0 2 2 3 2 	-13.565637
0 2 2 3 3 	4.062311
0 2 3 0 0 	0.796136
0 2 3 0 1 	-8.966925
0 2 3 0 2 	-2.534290
0 2 3 0 3 	8.509642
0 2 3 1 0 	0.571198
0 2 3 1 1 	0.874297
0 2 3 1 2 	2.958721
0 2 3 1 3 	-94.247093
0 2 3 2 0 	-2.852609
0 2 3 2 1 	2.684471
0 2 3 2 2 	-40.729750
0 2 3 2 3 	-0.405950
0 2 3 3 0 	5.606422
0 2 3 3 1 	0.361462
0 2 3 3 2 	-4.687601
0 2 3 3 3 	8.942864
0 3 0 0 0 	-6.952906
0 3 0 0 1 	-2.233652
0 3 0 0 2 	2.403258
0 3 0 0 3 	-10.638758
0 3 0 1 0 	-3.088552
0 3 0 1 1 	-1.232322
0 3 0 1 2 	-1.841503
0 3 0 1 3 	-17.691463
0 3 0 2 0 	10.781719
0 3 0 2 1 	17.842136
0 3 0 2 2 	5.864905
0 3 0 2 3 	-6.354073
0 3 0 3 0 	-4.762265
0 3 0 3 1 	0.181913
0 3 0 3 2 	-10.041974
0 3 0 3 3 	3.920277
0 3 1 0 0 	3.852158
0 3 1 0 1 	26.025852
0 3 1 0 2 	-4.847653
0 3 1 0 3 	1.526084
0 3 1 1 0 	0.702762
0 3 1 1 1 	2.331744
0 3 1 1 2 	10.731294
0 3 1 1 3 	-7.926344
0 3 1 2 0 	4.453184
0 3 1 2 1 	-4.605138
0 3 1 2 2 	9.148763
0 3 1 2 3 	0.877561
0 3 1 3 0 	8.449796
0 3 1 3 1 	-6.675791
0 3 1 3 2 	9.631509
0 3 1 3 3 	10.042173
0 3 2 0 0 	8.189923
0 3 2 0 1 	-5.214380
0 3 2 0 2 	4.093724
0 3 2 0 3 	-6.071196
0 3 2 1 0 	-4.758842
0 3 2 1 1 	18.761682
0 3 2 1 2 	-5.279542
0 3 2 1 3 	8.529323
0 3 2 2 0 	-8.544899
0 3 2 2 1 	5.920434
0 3 2 2 2 	-3.700837
0 3 2 2 3 	-1.521615
0 3 2 3 0 	1.289352
0 3 2 3 1 	3.139349
0 3 2 3 2 	2.382170
0 3 2 3 3 	-6.614974
0 3 3 0 0 	-0.342173
0 3 3 0 1 	5.359909
0 3 3 0 2 	-3.790754
0 3 3 0 3 	6.272855
0 3 3 1 0 	29.679320
0 3 3 1 1 	-4.364356
0 3 3 1 2 	-4.626091
0 3 3 1 3 	-0.846027
0 3 3 2 0 	-5.674437
0 3 3 2 1 	4.297868
0 3 3 2 2 	6.922719
0 3 3 2 3 	0.372562
0 3 3 3 0 	1.889468
0 3 3 3 1 	-0.179840
0 3 3 3 2 	1.429115
0 3 3 3 3 	-5.576603
1 0 0 0 0 	11.563480
1 0 0 0 1 	-0.328501
1 0 0 0 2 	-3.654533
1 0 0 0 3 	-10.766774
1 0 0 1 0 	-2.975718
1 0 0 1 1 	4.851207
1 0 0 1 2 	-7.218787
1 0 0 1 3 	41.834573
1 0 0 2 0 	-12.608592
1 0 0 2 1 	4.029199
1 0 0 2 2 	-2.299108
1 0 0 2 3 	-3.085419
1 0 0 3 0 	-4.193691
1 0 0 3 1 	-2.416433
1 0 0 3 2 	5.707314
1 0 0 3 3 	5.093676
1 0 1 0 0 	2.135922
1 0 1 0 1 	-4.853677
1 0 1 0 2 	3.117459
1 0 1 0 3 	5.190463
1 0 1 1 0 	-3.514493
1 0 1 1 1 	-0.095391
1 0 1 1 2 	34.310002
1 0 1 1 3 	-8.611083
1 0 1 2 0 	-8.059187
1 0 1 2 1 	-8.681198
1 0 1 2 2 	-0.606774
1 0 1 2 3 	-5.230835
1 0 1 3 0 	0.982269
1 0 1 3 1 	-6.078180
1 0 1 3 2 	-2.860193
1 0 1 3 3 	9.836477
1 0 2 0 0 	12.813162
1 0 2 0 1 	-2.014939
1 0 2 0 2 	0.285222
1 0 2 0 3 	-9.687251
1 0 2 1 0 	8.365544
1 0 2 1 1 	-3.284792
1 0 2 1 2 	-9.301924
1 0 2 1 3 	64.219112
1 0 2 2 0 	-0.954670
1 0 2 2 1 	5.202919
1 0 2 2 2 	-12.228408
1 0 2 2 3 	-6.587496
1 0 2 3 0 	-9.812272
1 0 2 3 1 	-3.357629
1 0 2 3 2 	0.202676
1 0 2 3 3 	-1.113351
1 0 3 0 0 	4.317735
1 0 3 0 1 	-14.511087
1 0 3 0 2 	2.073495
1 0 3 0 3 	25.676171
1 0 3 1 0 	8.356595
1 0 3 1 1 	-11.853891
1 0 3 1 2 	-4.833557
1 0 3 1 3 	7.402303
1 0 3 2 0 	-4.749921
1 0 3 2 1 	-7.143359
1 0 3 2 2 	-1.207928
1 0 3 2 3 	-0.811479
1 0 3 3 0 	15.717112
1 0 3 3 1 	2.938455
1 0 3 3 2 	-2.971066
1 0 3 3 3 	-2.154568
1 1 0 0 0 	18.867975
1 1 0 0 1 	-35.909662
1 1 0 0 2 	5.104338
1 1 0 0 3 	1.590889
1 1 0 1 0 	36.348545
1 1 0 1 1 	0.917813
1 1 0 1 2 	-8.576861
1 1 0 1 3 	-3.956159
1 1 0 2 0 	-3.111438
1 1 0 2 1 	1.127812
1 1 0 2 2 	-2.364559
1 1 0 2 3 	-0.072961
1 1 0 3 0 	0.602387
1 1 0 3 1 	-3.950800
1 1 0 3 2 	-3.403625
1 1 0 3 3 	25.428562
1 1 1 0 0 	7.530605
1 1 1 0 1 	0.842420
1 1 1 0 2 	5.679253
1 1 1 0 3 	61.223130
1 1 1 1 0 	60.696693
1 1 1 1 1 	6.292915
1 1 1 1 2 	20.102167
1 1 1 1 3 	63.511576
1 1 1 2 0 	5.666445
1 1 1 2 1 	-1.516278
1 1 1 2 2 	6.098883
1 1 1 2 3 	47.663808
1 1 1 3 0 	2.530309
1 1 1 3 1 	-3.085605
1 1 1 3 2 	13.492399
1 1 1 3 3 	-2.170891
1 1 2 0 0 	-2.970561
1 1 2 0 1 	1.553019
1 1 2 0 2 	10.858917
1 1 2 0 3 	-1.283925
1 1 2 1 0 	2.003511
1 1 2 1 1 	-4.988839
1 1 2 1 2 	-5.700404
1 1 2 1 3 	-15.986356
1 1 2 2 0 	-0.328340
1 1 2 2 1 	-6.682548
1 1 2 2 2 	-3.341567
1 1 2 2 3 	3.943532
1 1 2 3 0 	18.104037
1 1 2 3 1 	-0.545298
1 1 2 3 2 	5.671351
1 1 2 3 3 	-6.645460
1 1 3 0 0 	-16.621698
1 1 3 0 1 	0.143123
1 1 3 0 2 	-0.426454
1 1 3 0 3 	-8.139299
1 1 3 1 0 	3.800123
1 1 3 1 1 	-0.424480
1 1 3 1 2 	3.097758
1 1 3 1 3 	-0.026493
1 1 3 2 0 	-0.065346
1 1 3 2 1 	-4.508103
1 1 3 2 2 	-0.201725
1 1 3 2 3 	9.211215
1 1 3 3 0 	4.662200
1 1 3 3 1 	3.383475
1 1 3 3 2 	-3.080786
1 1 3 3 3 	-3.564634
1 2 0 0 0 	-5.568920
1 2 0 0 1 	-3.545036
1 2 0 0 2 	8.355614
1 2 0 0 3 	-5.181239
1 2 0 1 0 	3.090781
1 2 0 1 1 	0.238452
1 2 0 1 2 	0.398039
1 2 0 1 3 	5.891075
1 2 0 2 0 	2.996454
1 2 0 2 1 	-37.854133
1 2 0 2 2 	0.677910
1 2 0 2 3 	-6.314568
1 2 0 3 0 	-15.456316
1 2 0 3 1 	3.274061
1 2 0 3 2 	8.728284
1 2 0 3 3 	2.283550
1 2 1 0 0 	8.707723
1 2 1 0 1 	-5.102084
1 2 1 0 2 	-9.593875
1 2 1 0 3 	58.203846
1 2 1 1 0 	-22.547585
1 2 1 1 1 	-40.410245
1 2 1 1 2 	-5.542905
1 2 1 1 3 	-3.395133
1 2 1 2 0 	-7.137177
1 2 1 2 1 	3.743900
1 2 1 2 2 	-4.155547
1 2 1 2 3 	-10.911684
1 2 1 3 0 	3.529381
1 2 1 3 1 	-3.769400
1 2 1 3 2 	-6.478082
1 2 1 3 3 	-0.086350
1 2 2 0 0 	-7.597449
1 2 2 0 1 	-6.620083
1 2 2 0 2 	0.939894
1 2 2 0 3 	-5.069969
1 2 2 1 0 	11.215378
1 2 2 1 1 	-3.722149
1 2 2 1 2 	-8.405425
1 2 2 1 3 	-12.683359
1 2 2 2 0 	-4.766245
1 2 2 2 1 	-6.917231
1 2 2 2 2 	1.199011
1 2 2 2 3 	-4.695565
1 2 2 3 0 	-1.616645
1 2 2 3 1 	-1.191005
1 2 2 3 2 	-0.599186
1 2 2 3 3 	-6.314892
1 2 3 0 0 	-2.838838
1 2 3 0 1 	2.478646
1 2 3 0 2 	-4.080051
1 2 3 0 3 	-33.987579
1 2 3 1 0 	-2.284172
1 2 3 1 1 	0.031336
1 2 3 1 2 	0.081264
1 2 3 1 3 	-17.318304
1 2 3 2 0 	-5.143182
1 2 3 2 1 	-2.721444
1 2 3 2 2 	-0.381826
1 2 3 2 3 	0.226191
1 2 3 3 0 	-2.534567
1 2 3 3 1 	-1.295020
1 2 3 3 2 	-7.923187
1 2 3 3 3 	-2.465330
1 3 0 0 0 	2.298521
1 3 0 0 1 	-5.518811
1 3 0 0 2 	6.893817
1 3 0 0 3 	-1.500265
1 3 0 1 0 	0.118476
1 3 0 1 1 	10.533177
1 3 0 1 2 	-6.330826
1 3 0 1 3 	2.307425
1 3 0 2 0 	-15.156967
1 3 0 2 1 	-0.728840
1 3 0 2 2 	-7.704853
1 3 0 2 3 	10.305724
1 3 0 3 0 	-8.784097
1 3 0 3 1 	-6.990317
1 3 0 3 2 	-8.847255
1 3 0 3 3 	-4.263203
1 3 1 0 0 	0.332352
1 3 1 0 1 	2.676248
1 3 1 0 2 	-5.108831
1 3 1 0 3 	4.242504
1 3 1 1 0 	-7.318394
1 3 1 1 1 	-4.707611
1 3 1 1 2 	-3.444596
1 3 1 1 3 	7.526506
1 3 1 2 0 	-11.255270
1 3 1 2 1 	3.808666
1 3 1 2 2 	-1.491884
1 3 1 2 3 	-8.603141
1 3 1 3 0 	-3.432434
1 3 1 3 1 	6.148985
1 3 1 3 2 	0.190099
1 3 1 3 3 	-0.014328
1 3 2 0 0 	1.595081
1 3 2 0 1 	-3.176688
1 3 2 0 2 	-1.797837
1 3 2 0 3 	-9.333487
1 3 2 1 0 	-6.170468
1 3 2 1 1 	-25.992543
1 3 2 1 2 	-6.145708
1 3 2 1 3 	-1.682849
1 3 2 2 0 	-2.418452
1 3 2 2 1 	3.719128
1 3 2 2 2 	6.451729
1 3 2 2 3 	-0.356374
1 3 2 3 0 	4.595420
1 3 2 3 1 	3.550670
1 3 2 3 2 	2.033288
1 3 2 3 3 	25.491176
1 3 3 0 0 	2.428328
1 3 3 0 1 	1.677944
1 3 3 0 2 	5.485233
1 3 3 0 3 	10.653504
1 3 3 1 0 	-6.222896
1 3 3 1 1 	6.216703
1 3 3 1 2 	-5.756494
1 3 3 1 3 	12.956711
1 3 3 2 0 	-2.490744
1 3 3 2 1 	-3.904957
1 3 3 2 2 	-6.697046
1 3 3 2 3 	-2.168441
1 3 3 3 0 	4.948580
1 3 3 3 1 	-7.358879
1 3 3 3 2 	-7.523683
1 3 3 3 3 	4.004996
2 0 0 0 0 	12.289089
2 0 0 0 1 	2.606744
2 0 0 0 2 	8.093224
2 0 0 0 3 	-6.669801
2 0 0 1 0 	-0.824816
2 0 0 1 1 	0.986614
2 0 0 1 2 	-3.331009
2 0 0 1 3 	-2.715537
2 0 0 2 0 	2.015202
2 0 0 2 1 	-7.316333
2 0 0 2 2 	-5.610320
2 0 0 2 3 	-1.219841
2 0 0 3 0 	-5.746290
2 0 0 3 1 	17.946084
2 0 0 3 2 	2.635989
2 0 0 3 3 	-1.927773
2 0 1 0 0 	-2.904977
2 0 1 0 1 	-5.789432
2 0 1 0 2 	2.607897
2 0 1 0 3 	11.782382
2 0 1 1 0 	1.987445
2 0 1 1 1 	-20.462229
2 0 1 1 2 	3.385795
2 0 1 1 3 	-3.092911
2 0 1 2 0 	5.173780
2 0 1 2 1 	-2.778198
2 0 1 2 2 	-3.228304
2 0 1 2 3 	-45.532687
2 0 1 3 0 	-5.998985
2 0 1 3 1 	-5.597958
2 0 1 3 2 	3.061723
2 0 1 3 3 	-30.269483
2 0 2 0 0 	-2.702174
2 0 2 0 1 	2.606316
2 0 2 0 2 	-0.769298
2 0 2 0 3 	5.127630
2 0 2 1 0 	3.063345
2 0 2 1 1 	-0.470841
2 0 2 1 2 	2.392049
2 0 2 1 3 	-2.878315
2 0 2 2 0 	5.981410
2 0 2 2 1 	-3.128182
2 0 2 2 2 	6.921785
2 0 2 2 3 	-1.060437
2 0 2 3 0 	-11.466406
2 0 2 3 1 	1.327866
2 0 2 3 2 	-0.625358
2 0 2 3 3 	3.913406
2 0 3 0 0 	1.267714
2 0 3 0 1 	-7.112335
2 0 3 0 2 	-5.029314
2 0 3 0 3 	9.324371
2 0 3 1 0 	-1.879950
2 0 3 1 1 	-0.296925
2 0 3 1 2 	4.448644
2 0 3 1 3 	-0.348109
2 0 3 2 0 	1.460210
2 0 3 2 1 	0.653761
2 0 3 2 2 	-5.589275
2 0 3 2 3 	5.094572
2 0 3 3 0 	2.507625
2 0 3 3 1 	-23.242010
2 0 3 3 2 	1.176321
2 0 3 3 3 	-2.963197
2 1 0 0 0 	-8.162916
2 1 0 0 1 	-0.640122
2 1 0 0 2 	5.012719
2 1 0 0 3 	-1.900661
2 1 0 1 0 	-0.950457
2 1 0 1 1 	5.346199
2 1 0 1 2 	-91.134132
2 1 0 1 3 	3.232714
2 1 0 2 0 	-1.916210
2 1 0 2 1 	3.510131
2 1 0 2 2 	-1.471767
2 1 0 2 3 	-3.608873
2 1 0 3 0 	2.989292
2 1 0 3 1 	-3.321421
2 1 0 3 2 	-3.793336
2 1 0 3 3 	-5.082391
2 1 1 0 0 	-0.451434
2 1 1 0 1 	-4.907315
2 1 1 0 2 	-0.218533
2 1 1 0 3 	1.836678
2 1 1 1 0 	5.655108
2 1 1 1 1 	1.779038
2 1 1 1 2 	-5.429404
2 1 1 1 3 	-3.000550
2 1 1 2 0 	-3.393116
2 1 1 2 1 	-10.341130
2 1 1 2 2 	4.414763
2 1 1 2 3 	-2.568448
2 1 1 3 0 	0.272187
2 1 1 3 1 	3.635851
2 1 1 3 2 	19.383518
2 1 1 3 3 	5.019539
2 1 2 0 0 	0.819921
2 1 2 0 1 	-6.237216
2 1 2 0 2 	5.108196
2 1 2 0 3 	0.679404
2 1 2 1 0 	-3.452880
2 1 2 1 1 	5.124269
2 1 2 1 2 	0.747864
2 1 2 1 3 	6.366153
2 1 2 2 0 	1.159708
2 1 2 2 1 	-4.886718
2 1 2 2 2 	1.052237
2 1 2 2 3 	-13.077318
2 1 2 3 0 	3.131526
2 1 2 3 1 	-9.035564
2 1 2 3 2 	-22.026893
2 1 2 3 3 	7.100107
2 1 3 0 0 	-0.488298
2 1 3 0 1 	-12.624935
2 1 3 0 2 	14.240266
2 1 3 0 3 	4.897934
2 1 3 1 0 	6.489885
2 1 3 1 1 	-2.482649
2 1 3 1 2 	1.717193
2 1 3 1 3 	-4.307087
2 1 3 2 0 	-6.569287
2 1 3 2 1 	-4.727706
2 1 3 2 2 	-3.835344
2 1 3 2 3 	-2.837850
2 1 3 3 0 	-0.214208
2 1 3 3 1 	-4.311131
2 1 3 3 2 	9.777471
2 1 3 3 3 	2.659936
2 2 0 0 0 	15.601734
2 2 0 0 1 	-10.220819
2 2 0 0 2 	-2.508317
2 2 0 0 3 	1.073046
2 2 0 1 0 	17.503630
2 2 0 1 1 	-3.093410
2 2 0 1 2 	-6.364325
2 2 0 1 3 	5.033930
2 2 0 2 0 	3.661644
2 2 0 2 1 	2.857662
2 2 0 2 2 	5.637903
2 2 0 2 3 	-2.758301
2 2 0 3 0 	-3.502231
2 2 0 3 1 	1.761333
2 2 0 3 2 	9.720040
2 2 0 3 3 	-0.524417
2 2 1 0 0 	-9.569034
2 2 1 0 1 	3.820800
2 2 1 0 2 	-3.235416
2 2 1 0 3 	3.754086
2 2 1 1 0 	-6.657518
2 2 1 1 1 	2.261066
2 2 1 1 2 	1.563604
2 2 1 1 3 	2.410766
2 2 1 2 0 	0.528714
2 2 1 2 1 	-1.670448
2 2 1 2 2 	6.838404
2 2 1 2 3 	12.368656
2 2 1 3 0 	62.035037
2 2 1 3 1 	4.126146
2 2 1 3 2 	-1.467872
2 2 1 3 3 	-4.744954
2 2 2 0 0 	4.889002
2 2 2 0 1 	10.722587
2 2 2 0 2 	4.289527
2 2 2 0 3 	10.854564
2 2 2 1 0 	14.401550
2 2 2 1 1 	2.220628
2 2 2 1 2 	-2.638552
2 2 2 1 3 	38.887462
2 2 2 2 0 	10.805399
2 2 2 2 1 	62.912835
2 2 2 2 2 	5.433584
2 2 2 2 3 	90.967340
2 2 2 3 0 	-0.892417
2 2 2 3 1 	-4.827106
2 2 2 3 2 	7.482433
2 2 2 3 3 	4.598309
2 2 3 0 0 	-7.244995
2 2 3 0 1 	16.168272
2 2 3 0 2 	-1.638892
2 2 3 0 3 	3.221983
2 2 3 1 0 	-1.965947
2 2 3 1 1 	4.757137
2 2 3 1 2 	-6.612423
2 2 3 1 3 	5.133795
2 2 3 2 0 	1.704061
2 2 3 2 1 	0.765842
2 2 3 2 2 	4.160591
2 2 3 2 3 	11.868770
2 2 3 3 0 	-0.487157
2 2 3 3 1 	-3.141323
2 2 3 3 2 	-1.314724
2 2 3 3 3 	3.356128
2 3 0 0 0 	-2.910029
2 3 0 0 1 	3.754365
2 3 0 0 2 	18.421675
2 3 0 0 3 	-4.453988
2 3 0 1 0 	-8.397123
2 3 0 1 1 	-3.666036
2 3 0 1 2 	-1.358546
2 3 0 1 3 	-4.584450
2 3 0 2 0 	-0.592957
2 3 0 2 1 	8.783835
2 3 0 2 2 	-4.373816
2 3 0 2 3 	1.916774
2 3 0 3 0 	-2.428720
2 3 0 3 1 	-2.965963
2 3 0 3 2 	-2.294214
2 3 0 3 3 	-14.772394
2 3 1 0 0 	-0.040979
2 3 1 0 1 	-5.163205
2 3 1 0 2 	-1.526269
2 3 1 0 3 	-17.891078
2 3 1 1 0 	20.289809
2 3 1 1 1 	4.192344
2 3 1 1 2 	-1.794201
2 3 1 1 3 	4.154011
2 3 1 2 0 	-10.349780
2 3 1 2 1 	7.858071
2 3 1 2 2 	-2.118593
2 3 1 2 3 	2.943247
2 3 1 3 0 	-6.502892
2 3 1 3 1 	-3.732100
2 3 1 3 2 	2.295480
2 3 1 3 3 	-13.845702
2 3 2 0 0 	-8.259811
2 3 2 0 1 	0.607968
2 3 2 0 2 	-4.136459
2 3 2 0 3 	-2.605533
2 3 2 1 0 	2.584539
2 3 2 1 1 	1.629444
2 3 2 1 2 	4.285339
2 3 2 1 3 	-16.892017
2 3 2 2 0 	0.323972
2 3 2 2 1 	-5.084741
2 3 2 2 2 	-5.996648
2 3 2 2 3 	-0.171888
2 3 2 3 0 	-12.349280
2 3 2 3 1 	-13.199864
2 3 2 3 2 	6.224855
2 3 2 3 3 	-1.780064
2 3 3 0 0 	5.626332
2 3 3 0 1 	-2.770814
2 3 3 0 2 	-5.960811
2 3 3 0 3 	-1.453498
2 3 3 1 0 	-0.306881
2 3 3 1 1 	-1.650255
2 3 3 1 2 	-2.271633
2 3 3 1 3 	-11.910365
2 3 3 2 0 	1.210043
2 3 3 2 1 	-8.361687
2 3 3 2 2 	9.019107
2 3 3 2 3 	3.078024
2 3 3 3 0 	-7.481503
2 3 3 3 1 	-49.533775
2 3 3 3 2 	5.514482
2 3 3 3 3 	1.220941
3 0 0 0 0 	-4.323921
3 0 0 0 1 	0.284195
3 0 0 0 2 	-3.104049
3 0 0 0 3 	-3.147957
3 0 0 1 0 	-3.241711
3 0 0 1 1 	2.104694
3 0 0 1 2 	-6.066450
3 0 0 1 3 	-1.670651
3 0 0 2 0 	-4.297772
3 0 0 2 1 	-5.429249
3 0 0 2 2 	6.058043
3 0 0 2 3 	2.787293
3 0 0 3 0 	3.225327
3 0 0 3 1 	-1.730302
3 0 0 3 2 	-3.310687
3 0 0 3 3 	9.556159
3 0 1 0 0 	-3.098242
3 0 1 0 1 	2.956471
3 0 1 0 2 	-3.827315
3 0 1 0 3 	-8.365987
3 0 1 1 0 	-1.697985
3 0 1 1 1 	3.276393
3 0 1 1 2 	-4.684520
3 0 1 1 3 	-16.781066
3 0 1 2 0 	-1.451287
3 0 1 2 1 	-3.051974
3 0 1 2 2 	6.501772
3 0 1 2 3 	80.564587
3 0 1 3 0 	5.950364
3 0 1 3 1 	9.811541
3 0 1 3 2 	5.223498
3 0 1 3 3 	-9.265862
3 0 2 0 0 	-0.668790
3 0 2 0 1 	2.183284
3 0 2 0 2 	8.299960
3 0 2 0 3 	-22.424943
3 0 2 1 0 	3.360110
3 0 2 1 1 	5.702625
3 0 2 1 2 	0.832834
3 0 2 1 3 	-2.497247
3 0 2 2 0 	-1.634653
3 0 2 2 1 	-4.335624
3 0 2 2 2 	-8.296877
3 0 2 2 3 	-43.293089
3 0 2 3 0 	-8.139152
3 0 2 3 1 	-6.121522
3 0 2 3 2 	-4.851589
3 0 2 3 3 	-1.260523
3 0 3 0 0 	-34.350087
3 0 3 0 1 	-2.416978
3 0 3 0 2 	-7.949879
3 0 3 0 3 	-5.401340
3 0 3 1 0 	-4.850071
3 0 3 1 1 	1.583515
3 0 3 1 2 	5.668554
3 0 3 1 3 	-57.337906
3 0 3 2 0 	-0.775104
3 0 3 2 1 	-4.502057
3 0 3 2 2 	0.475085
3 0 3 2 3 	3.673160
3 0 3 3 0 	-4.088488
3 0 3 3 1 	15.732842
3 0 3 3 2 	3.001505
3 0 3 3 3 	1.012983
3 1 0 0 0 	5.159963
3 1 0 0 1 	5.285650
3 1 0 0 2 	9.218648
3 1 0 0 3 	-2.881702
3 1 0 1 0 	4.035020
3 1 0 1 1 	-3.774983
3 1 0 1 2 	-7.880958
3 1 0 1 3 	-3.991762
3 1 0 2 0 	10.617881
3 1 0 2 1 	-0.304487
3 1 0 2 2 	2.836266
3 1 0 2 3 	-9.885463
3 1 0 3 0 	-5.525328
3 1 0 3 1 	-0.363717
3 1 0 3 2 	1.805689
3 1 0 3 3 	-6.544356
3 1 1 0 0 	11.265212
3 1 1 0 1 	-0.995290
3 1 1 0 2 	0.595060
3 1 1 0 3 	-9.235735
3 1 1 1 0 	2.265610
3 1 1 1 1 	1.424341
3 1 1 1 2 	7.799727
3 1 1 1 3 	-1.027916
3 1 1 2 0 	-2.676462
3 1 1 2 1 	1.738472
3 1 1 2 2 	-2.689828
3 1 1 2 3 	0.599735
3 1 1 3 0 	-5.348050
3 1 1 3 1 	2.449065
3 1 1 3 2 	-3.837718
3 1 1 3 3 	-6.128469
3 1 2 0 0 	1.640148
3 1 2 0 1 	5.249660
3 1 2 0 2 	-5.303098
3 1 2 0 3 	-7.739470
3 1 2 1 0 	0.567571
3 1 2 1 1 	4.550803
3 1 2 1 2 	-4.908033
3 1 2 1 3 	3.832778
3 1 2 2 0 	0.606881
3 1 2 2 1 	5.146418
3 1 2 2 2 	0.673282
3 1 2 2 3 	44.636078
3 1 2 3 0 	3.496831
3 1 2 3 1 	2.602019
3 1 2 3 2 	-2.335090
3 1 2 3 3 	-11.965986
3 1 3 0 0 	0.601544
3 1 3 0 1 	2.474500
3 1 3 0 2 	-4.067208
3 1 3 0 3 	-2.535727
3 1 3 1 0 	-0.848725
3 1 3 1 1 	5.317554
3 1 3 1 2 	9.245722
3 1 3 1 3 	6.348465
3 1 3 2 0 	-2.545089
3 1 3 2 1 	-2.269662
3 1 3 2 2 	-4.202835
3 1 3 2 3 	-8.771925
3 1 3 3 0 	-4.563955
3 1 3 3 1 	9.778300
3 1 3 3 2 	-2.191992
3 1 3 3 3 	0.455343
3 2 0 0 0 	-24.011992
3 2 0 0 1 	-10.289273
3 2 0 0 2 	-0.337893
3 2 0 0 3 	-3.281998
3 2 0 1 0 	-29.516348
3 2 0 1 1 	2.210545
3 2 0 1 2 	-9.061291
3 2 0 1 3 	0.994944
3 2 0 2 0 	15.010709
3 2 0 2 1 	-1.197209
3 2 0 2 2 	0.256000
3 2 0 2 3 	1.726033
3 2 0 3 0 	-11.301127
3 2 0 3 1 	5.093370
3 2 0 3 2 	1.305653
3 2 0 3 3 	-2.257802
3 2 1 0 0 	-0.631583
3 2 1 0 1 	1.149735
3 2 1 0 2 	3.976761
3 2 1 0 3 	-5.612247
3 2 1 1 0 	-2.982984
3 2 1 1 1 	-13.574508
3 2 1 1 2 	-4.037589
3 2 1 1 3 	1.113237
3 2 1 2 0 	3.046852
3 2 1 2 1 	-2.976508
3 2 1 2 2 	-2.229799
3 2 1 2 3 	-5.000800
3 2 1 3 0 	-8.812771
3 2 1 3 1 	-1.967299
3 2 1 3 2 	-7.770427
3 2 1 3 3 	0.038942
3 2 2 0 0 	-6.307311
3 2 2 0 1 	-2.679971
3 2 2 0 2 	2.546431
3 2 2 0 3 	1.274345
3 2 2 1 0 	1.262127
3 2 2 1 1 	-10.071112
3 2 2 1 2 	-4.554673
3 2 2 1 3 	-1.540213
3 2 2 2 0 	-1.396036
3 2 2 2 1 	0.265775
3 2 2 2 2 	18.556265
3 2 2 2 3 	2.319034
3 2 2 3 0 	-18.717841
3 2 2 3 1 	-2.847089
3 2 2 3 2 	2.521606
3 2 2 3 3 	2.935529
3 2 3 0 0 	2.444001
3 2 3 0 1 	-5.343604
3 2 3 0 2 	4.822326
3 2 3 0 3 	-1.420791
3 2 3 1 0 	0.183208
3 2 3 1 1 	-6.550043
3 2 3 1 2 	2.383476
3 2 3 1 3 	-25.851280
3 2 3 2 0 	2.343598
3 2 3 2 1 	1.411067
3 2 3 2 2 	6.290068
3 2 3 2 3 	-5.706999
3 2 3 3 0 	1.752605
3 2 3 3 1 	-4.606346
3 2 3 3 2 	2.241242
3 2 3 3 3 	-3.306988
3 3 0 0 0 	-8.461180
3 3 0 0 1 	3.691175
3 3 0 0 2 	-14.614606
3 3 0 0 3 	-0.306752
3 3 0 1 0 	-3.505649
3 3 0 1 1 	-2.352494
3 3 0 1 2 	9.805628
3 3 0 1 3 	-10.311583
3 3 0 2 0 	3.789413
3 3 0 2 1 	-0.379889
3 3 0 2 2 	-1.643279
3 3 0 2 3 	-5.940083
3 3 0 3 0 	4.639446
3 3 0 3 1 	-0.396191
3 3 0 3 2 	-1.783345
3 3 0 3 3 	-14.461520
3 3 1 0 0 	7.866862
3 3 1 0 1 	-5.236828
3 3 1 0 2 	8.999394
3 3 1 0 3 	4.390440
3 3 1 1 0 	-4.290797
3 3 1 1 1 	-14.360210
3 3 1 1 2 	-6.129671
3 3 1 1 3 	-1.402091
3 3 1 2 0 	5.618386
3 3 1 2 1 	-13.441514
3 3 1 2 2 	-1.641105
3 3 1 2 3 	-1.572132
3 3 1 3 0 	1.023909
3 3 1 3 1 	0.697610
3 3 1 3 2 	4.310016
3 3 1 3 3 	16.635456
3 3 2 0 0 	5.107486
3 3 2 0 1 	-0.009667
3 3 2 0 2 	2.704676
3 3 2 0 3 	-13.854101
3 3 2 1 0 	-9.173953
3 3 2 1 1 	-6.206307
3 3 2 1 2 	4.438282
3 3 2 1 3 	-6.523640
3 3 2 2 0 	-7.175278
3 3 2 2 1 	-0.224278
3 3 2 2 2 	-1.754955
3 3 2 2 3 	1.988218
3 3 2 3 0 	5.377095
3 3 2 3 1 	-6.443242
3 3 2 3 2 	0.021247
3 3 2 3 3 	-9.650388
3 3 3 0 0 	8.573498
3 3 3 0 1 	-0.614498
3 3 3 0 2 	-6.539252
3 3 3 0 3 	-8.113977
3 3 3 1 0 	-0.206702
3 3 3 1 1 	-1.792678
3 3 3 1 2 	-2.015430
3 3 3 1 3 	4.303066
3 3 3 2 0 	6.657318
3 3 3 2 1 	7.211325
3 3 3 2 2 	-0.903538
3 3 3 2 3 	1.411177
3 3 3 3 0 	5.529064
3 3 3 3 1 	-0.539205
3 3 3 3 2 	19.240332
3 3 3 3 3 	-7.381389

