5	1024
0 0 0 0 0 	-2.592220
0 0 0 0 1 	-2.673349
0 0 0 0 2 	-1.534223
0 0 0 0 3 	15.875943
0 0 0 1 0 	-6.555453
0 0 0 1 1 	-4.235098
0 0 0 1 2 	-2.623771
0 0 0 1 3 	-1.012169
0 0 0 2 0 	4.313733
0 0 0 2 1 	1.469087
0 0 0 2 2 	-19.304542
0 0 0 2 3 	13.279370
0 0 0 3 0 	-1.926516
0 0 0 3 1 	7.642763
0 0 0 3 2 	-4.839977
0 0 0 3 3 	-0.000175
0 0 1 0 0 	-1.151653
0 0 1 0 1 	3.635550
0 0 1 0 2 	4.391877
0 0 1 0 3 	-0.288382
0 0 1 1 0 	10.188018
0 0 1 1 1 	33.566157
0 0 1 1 2 	25.525576
0 0 1 1 3 	0.803061
0 0 1 2 0 	3.197134
0 0 1 2 1 	-1.681909
0 0 1 2 2 	-4.892099
0 0 1 2 3 	1.962172
0 0 1 3 0 	-2.340607
0 0 1 3 1 	-8.586836
0 0 1 3 2 	-13.462881
0 0 1 3 3 	-9.296508
0 0 2 0 0 	-1.439484
0 0 2 0 1 	-2.600861
0 0 2 0 2 	4.903449
0 0 2 0 3 	-7.829293
0 0 2 1 0 	5.764482
0 0 2 1 1 	3.060108
0 0 2 1 2 	12.758129
0 0 2 1 3 	-29.659089
0 0 2 2 0 	-2.719356
0 0 2 2 1 	6.194950
0 0 2 2 2 	6.054367
0 0 2 2 3 	5.202376
0 0 2 3 0 	5.410416
0 0 2 3 1 	-1.004315
0 0 2 3 2 	-1.339988
0 0 2 3 3 	-11.931776
0 0 3 0 0 	-2.931722
0 0 3 0 1 	-22.099379
0 0 3 0 2 	32.374113
0 0 3 0 3 	-6.905106
0 0 3 1 0 	0.322515
0 0 3 1 1 	8.950297
0 0 3 1 2 	1.106802
0 0 3 1 3 	-14.659814
0 0 3 2 0 	1.578435
0 0 3 2 1 	4.803593
0 0 3 2 2 	-5.732745
0 0 3 2 3 	-6.236673
0 0 3 3 0 	-6.214016
0 0 3 3 1 	37.591066
0 0 3 3 2 	0.941536
0 0 3 3 3 	-4.607017
0 1 0 0 0 	8.856549
0 1 0 0 1 	9.570319
0 1 0 0 2 	0.203631
0 1 0 0 3 	-16.278802
0 1 0 1 0 	-3.945718
0 1 0 1 1 	0.790783
0 1 0 1 2 	43.661370
0 1 0 1 3 	3.366222
0 1 0 2 0 	1.624816
0 1 0 2 1 	1.735398
0 1 0 2 2 	-1.823021
0 1 0 2 3 	-2.769230
0 1 0 3 0 	-2.505505
0 1 0 3 1 	0.250654
0 1 0 3 2 	-12.540640
0 1 0 3 3 	0.292998
0 1 1 0 0 	-4.718167
0 1 1 0 1 	0.651371
0 1 1 0 2 	38.320572
0 1 1 0 3 	0.586202
0 1 1 1 0 	5.709791
0 1 1 1 1 	1.805092
0 1 1 1 2 	90.531602
0 1 1 1 3 	14.394995
0 1 1 2 0 	2.436218
0 1 1 2 1 	-3.984743
0 1 1 2 2 	14.867164
0 1 1 2 3 	6.860032
0 1 1 3 0 	-11.165920
0 1 1 3 1 	-4.143979
0 1 1 3 2 	2.636317
0 1 1 3 3 	-1.269724
0 1 2 0 0 	-0.930485
0 1 2 0 1 	1.437150
0 1 2 0 2 	-2.450599
0 1 2 0 3 	-0.301951
0 1 2 1 0 	-1.801870
0 1 2 1 1 	-4.587805
0 1 2 1 2 	2.040927
0 1 2 1 3 	5.231502
0 1 2 2 0 	2.268521
0 1 2 2 1 	12.439795
0 1 2 2 2 	-21.299784
0 1 2 2 3 	0.006336
0 1 2 3 0 	8.494060
0 1 2 3 1 	-11.016586
0 1 2 3 2 	6.234029
0 1 2 3 3 	7.538343
0 1 3 0 0 	-3.683025
0 1 3 0 1 	4.163256
0 1 3 0 2 	0.062783
0 1 3 0 3 	4.630712
0 1 3 1 0 	-1.257862
0 1 3 1 1 	4.797349
0 1 3 1 2 	-26.101412
0 1 3 1 3 	1.684715
0 1 3 2 0 	3.472245
0 1 3 2 1 	-3.870689
0 1 3 2 2 	-9.369331
0 1 3 2 3 	-8.587341
0 1 3 3 0 	-1.927472
0 1 3 3 1 	44.511941
0 1 3 3 2 	1.451719
0 1 3 3 3 	8.737052
0 2 0 0 0 	-21.287722
0 2 0 0 1 	-0.724225
0 2 0 0 2 	-1.367592
0 2 0 0 3 	0.989884
0 2 0 1 0 	-5.806770
0 2 0 1 1 	2.752304
0 2 0 1 2 	7.343508
0 2 0 1 3 	-2.976867
0 2 0 2 0 	-0.643599
0 2 0 2 1 	-1.906167
0 2 0 2 2 	8.021985
0 2 0 2 3 	-5.316112
0 2 0 3 0 	-5.326197
0 2 0 3 1 	2.252922
0 2 0 3 2 	-43.082327
0 2 0 3 3 	-7.026427
0 2 1 0 0 	-0.090237
0 2 1 0 1 	-1.031505
0 2 1 0 2 	-2.161553
0 2 1 0 3 	-2.518932
0 2 1 1 0 	-0.084295
0 2 1 1 1 	-2.715191
0 2 1 1 2 	0.603945
0 2 1 1 3 	1.152124
0 2 1 2 0 	1.939802
0 2 1 2 1 	-6.556911
0 2 1 2 2 	-1.350126
0 2 1 2 3 	-8.088485
0 2 1 3 0 	1.823800
0 2 1 3 1 	1.906221
0 2 1 3 2 	-5.927918
0 2 1 3 3 	5.678395
0 2 2 0 0 	44.066367
0 2 2 0 1 	0.093657
0 2 2 0 2 	-3.421771
0 2 2 0 3 	20.880884
0 2 2 1 0 	1.736453
0 2 2 1 1 	2.260177
0 2 2 1 2 	5.255890
0 2 2 1 3 	-7.712467
0 2 2 2 0 	1.800873
0 2 2 2 1 	-2.485131
0 2 2 2 2 	-3.704804
0 2 2 2 3 	6.349439
0 2 2 3 0 	4.159051
0 2 2 3 1 	2.310339
0 2 2 3 2 	-10.387776
0 2 2 3 3 	-0.386640
0 2 3 0 0 	-5.089034
0 2 3 0 1 	-0.074756
0 2 3 0 2 	0.177452
0 2 3 0 3 	20.757755
0 2 3 1 0 	-15.038811
0 2 3 1 1 	-12.580442
0 2 3 1 2 	13.311521
0 2 3 1 3 	-36.695410
0 2 3 2 0 	-3.024760
0 2 3 2 1 	2.504655
0 2 3 2 2 	-17.570644
0 2 3 2 3 	0.752354
0 2 3 3 0 	1.222443
0 2 3 3 1 	4.687304
0 2 3 3 2 	3.875927
0 2 3 3 3 	-2.490838
0 3 0 0 0 	-7.806552
0 3 0 0 1 	-0.214349
0 3 0 0 2 	2.217088
0 3 0 0 3 	-9.268310
0 3 0 1 0 	-4.162763
0 3 0 1 1 	11.406917
0 3 0 1 2 	-0.606201
0 3 0 1 3 	-8.030375
0 3 0 2 0 	3.969498
0 3 0 2 1 	10.687497
0 3 0 2 2 	2.263968
0 3 0 2 3 	-1.975708
0 3 0 3 0 	-8.196294
0 3 0 3 1 	-2.509653
0 3 0 3 2 	-5.175685
0 3 0 3 3 	-4.916499
0 3 1 0 0 	0.961731
0 3 1 0 1 	7.792674
0 3 1 0 2 	-2.588152
0 3 1 0 3 	-6.449211
0 3 1 1 0 	4.905337
0 3 1 1 1 	13.279429
0 3 1 1 2 	1.384122
0 3 1 1 3 	4.259800
0 3 1 2 0 	-3.592204
0 3 1 2 1 	-5.080278
0 3 1 2 2 	27.693021
0 3 1 2 3 	9.112500
0 3 1 3 0 	2.911301
0 3 1 3 1 	-0.314278
0 3 1 3 2 	-1.046315
0 3 1 3 3 	7.599410
0 3 2 0 0 	8.145500
0 3 2 0 1 	2.573083
0 3 2 0 2 	7.568878
0 3 2 0 3 	-3.734739
0 3 2 1 0 	-12.791815
0 3 2 1 1 	27.549812
0 3 2 1 2 	-10.141414
0 3 2 1 3 	-0.671007
0 3 2 2 0 	-4.044386
0 3 2 2 1 	3.701086
0 3 2 2 2 	6.061708
0 3 2 2 3 	-3.925362
0 3 2 3 0 	1.419771
0 3 2 3 1 	-0.978682
0 3 2 3 2 	3.730512
0 3 2 3 3 	-6.455276
0 3 3 0 0 	-2.702588
0 3 3 0 1 	2.080905
0 3 3 0 2 	8.252018
0 3 3 0 3 	-4.019397
0 3 3 1 0 	11.792821
0 3 3 1 1 	-28.237691
0 3 3 1 2 	-10.674614
0 3 3 1 3 	3.584760
0 3 3 2 0 	-0.297380
0 3 3 2 1 	-7.321854
0 3 3 2 2 	2.803861
0 3 3 2 3 	7.092716
0 3 3 3 0 	-6.013571
0 3 3 3 1 	7.236835
0 3 3 3 2 	-13.517655
0 3 3 3 3 	-8.025346
1 0 0 0 0 	-4.913801
1 0 0 0 1 	6.534797
1 0 0 0 2 	-9.042539
1 0 0 0 3 	-3.725224
1 0 0 1 0 	-6.507053
1 0 0 1 1 	-4.065092
1 0 0 1 2 	-3.547952
1 0 0 1 3 	9.084794
1 0 0 2 0 	-4.501156
1 0 0 2 1 	-2.102458
1 0 0 2 2 	-7.902745
1 0 0 2 3 	0.840684
1 0 0 3 0 	2.723128
1 0 0 3 1 	-5.977307
1 0 0 3 2 	-1.480243
1 0 0 3 3 	1.944213
1 0 1 0 0 	4.865173
1 0 1 0 1 	-3.884838
1 0 1 0 2 	-3.684724
1 0 1 0 3 	1.212283
1 0 1 1 0 	-0.566235
1 0 1 1 1 	10.575175
1 0 1 1 2 	66.228198
1 0 1 1 3 	-3.964724
1 0 1 2 0 	-9.118709
1 0 1 2 1 	0.770787
1 0 1 2 2 	-5.735188
1 0 1 2 3 	-6.183925
1 0 1 3 0 	3.784572
1 0 1 3 1 	-5.907022
1 0 1 3 2 	-2.323924
1 0 1 3 3 	9.966283
1 0 2 0 0 	1.312387
1 0 2 0 1 	-6.073666
1 0 2 0 2 	2.557290
1 0 2 0 3 	-2.032372
1 0 2 1 0 	-4.109655
1 0 2 1 1 	9.072352
1 0 2 1 2 	-9.860165
1 0 2 1 3 	37.302875
1 0 2 2 0 	-3.560023
1 0 2 2 1 	2.679997
1 0 2 2 2 	11.969115
1 0 2 2 3 	-22.788579
1 0 2 3 0 	-4.860351
1 0 2 3 1 	-11.030220
1 0 2 3 2 	2.093847
1 0 2 3 3 	-5.527989
1 0 3 0 0 	16.163890
1 0 3 0 1 	-8.143609
1 0 3 0 2 	-1.992873
1 0 3 0 3 	15.151921
1 0 3 1 0 	13.917071
1 0 3 1 1 	-5.030288
1 0 3 1 2 	2.142269
1 0 3 1 3 	20.435513
1 0 3 2 0 	-5.845126
1 0 3 2 1 	1.082166
1 0 3 2 2 	-22.622982
1 0 3 2 3 	4.534262
1 0 3 3 0 	8.740289
1 0 3 3 1 	36.194551
1 0 3 3 2 	1.068493
1 0 3 3 3 	-13.220677
1 1 0 0 0 	5.617225
1 1 0 0 1 	-19.566581
1 1 0 0 2 	0.994179
1 1 0 0 3 	-1.121421
1 1 0 1 0 	27.123491
1 1 0 1 1 	-2.137519
1 1 0 1 2 	-3.241098
1 1 0 1 3 	5.886064
1 1 0 2 0 	-5.705547
1 1 0 2 1 	-14.795810
1 1 0 2 2 	0.661446
1 1 0 2 3 	2.930848
1 1 0 3 0 	-11.820557
1 1 0 3 1 	-1.046142
1 1 0 3 2 	0.709551
1 1 0 3 3 	2.131424
1 1 1 0 0 	3.425069
1 1 1 0 1 	41.351498
1 1 1 0 2 	6.012105
1 1 1 0 3 	100.000000
1 1 1 1 0 	62.814428
1 1 1 1 1 	0.110881
1 1 1 1 2 	15.363726
1 1 1 1 3 	13.884796
1 1 1 2 0 	24.170732
1 1 1 2 1 	7.857930
1 1 1 2 2 	34.773526
1 1 1 2 3 	58.011039
1 1 1 3 0 	-38.499781
1 1 1 3 1 	-7.594172
1 1 1 3 2 	7.175912
1 1 1 3 3 	4.630651
1 1 2 0 0 	8.434441
1 1 2 0 1 	12.855861
1 1 2 0 2 	48.254922
1 1 2 0 3 	-2.407735
1 1 2 1 0 	2.104085
1 1 2 1 1 	-8.603838
1 1 2 1 2 	-20.401482
1 1 2 1 3 	-4.543916
1 1 2 2 0 	1.246947
1 1 2 2 1 	-4.775137
1 1 2 2 2 	-11.265123
1 1 2 2 3 	2.558604
1 1 2 3 0 	83.759674
1 1 2 3 1 	3.654903
1 1 2 3 2 	-2.503062
1 1 2 3 3 	-6.409084
1 1 3 0 0 	-85.906617
1 1 3 0 1 	-4.651232
1 1 3 0 2 	-0.623791
1 1 3 0 3 	-5.968538
1 1 3 1 0 	15.011864
1 1 3 1 1 	-11.591211
1 1 3 1 2 	11.145812
1 1 3 1 3 	-3.839914
1 1 3 2 0 	3.047459
1 1 3 2 1 	-8.285751
1 1 3 2 2 	0.330919
1 1 3 2 3 	7.631507
1 1 3 3 0 	-1.748031
1 1 3 3 1 	0.651040
1 1 3 3 2 	8.451407
1 1 3 3 3 	-3.101156
1 2 0 0 0 	-8.140906
1 2 0 0 1 	-1.961317
1 2 0 0 2 	4.186462
1 2 0 0 3 	1.994445
1 2 0 1 0 	-3.515814
1 2 0 1 1 	8.762296
1 2 0 1 2 	5.794826
1 2 0 1 3 	-8.752261
1 2 0 2 0 	17.663022
1 2 0 2 1 	-9.033588
1 2 0 2 2 	-2.312100
1 2 0 2 3 	-3.433227
1 2 0 3 0 	-74.989929
1 2 0 3 1 	-6.527409
1 2 0 3 2 	14.907785
1 2 0 3 3 	1.712962
1 2 1 0 0 	0.726190
1 2 1 0 1 	-55.947266
1 2 1 0 2 	-11.332737
1 2 1 0 3 	38.169619
1 2 1 1 0 	-67.238134
1 2 1 1 1 	-12.527227
1 2 1 1 2 	-3.792862
1 2 1 1 3 	-5.347332
1 2 1 2 0 	-10.218169
1 2 1 2 1 	2.592209
1 2 1 2 2 	2.992546
1 2 1 2 3 	-6.852358
1 2 1 3 0 	3.860453
1 2 1 3 1 	-3.772538
1 2 1 3 2 	-6.304614
1 2 1 3 3 	-1.676918
1 2 2 0 0 	0.787959
1 2 2 0 1 	-6.974617
1 2 2 0 2 	-2.586128
1 2 2 0 3 	-0.905050
1 2 2 1 0 	-10.148532
1 2 2 1 1 	-1.383407
1 2 2 1 2 	-6.648091
1 2 2 1 3 	-47.967425
1 2 2 2 0 	0.164803
1 2 2 2 1 	-19.437340
1 2 2 2 2 	2.717131
1 2 2 2 3 	-29.497932
1 2 2 3 0 	-8.746278
1 2 2 3 1 	2.038004
1 2 2 3 2 	3.315295
1 2 2 3 3 	-7.445540
1 2 3 0 0 	-5.187375
1 2 3 0 1 	2.651779
1 2 3 0 2 	12.412998
1 2 3 0 3 	-75.535169
1 2 3 1 0 	1.978246
1 2 3 1 1 	3.701734
1 2 3 1 2 	1.582348
1 2 3 1 3 	5.791158
1 2 3 2 0 	-2.293553
1 2 3 2 1 	-5.712938
1 2 3 2 2 	1.042781
1 2 3 2 3 	-3.670096
1 2 3 3 0 	-8.670231
1 2 3 3 1 	2.818759
1 2 3 3 2 	-2.925836
1 2 3 3 3 	-17.617776
1 3 0 0 0 	-4.036083
1 3 0 0 1 	-4.221784
1 3 0 0 2 	3.456436
1 3 0 0 3 	-6.150253
1 3 0 1 0 	3.782960
1 3 0 1 1 	5.764921
1 3 0 1 2 	5.430616
1 3 0 1 3 	3.538415
1 3 0 2 0 	-59.366524
1 3 0 2 1 	-3.639850
1 3 0 2 2 	-5.986491
1 3 0 2 3 	1.354408
1 3 0 3 0 	4.819646
1 3 0 3 1 	-17.819858
1 3 0 3 2 	3.091413
1 3 0 3 3 	-1.605279
1 3 1 0 0 	4.738281
1 3 1 0 1 	-0.953318
1 3 1 0 2 	-13.091945
1 3 1 0 3 	-2.381252
1 3 1 1 0 	2.958193
1 3 1 1 1 	-1.413891
1 3 1 1 2 	0.469761
1 3 1 1 3 	-24.895636
1 3 1 2 0 	-46.893435
1 3 1 2 1 	-8.970548
1 3 1 2 2 	6.012722
1 3 1 2 3 	-5.570547
1 3 1 3 0 	0.478263
1 3 1 3 1 	6.241847
1 3 1 3 2 	4.441471
1 3 1 3 3 	0.800848
1 3 2 0 0 	4.980547
1 3 2 0 1 	-2.004621
1 3 2 0 2 	-6.436926
1 3 2 0 3 	-0.724507
1 3 2 1 0 	2.425968
1 3 2 1 1 	-24.745206
1 3 2 1 2 	-14.804954
1 3 2 1 3 	-5.142965
1 3 2 2 0 	-1.254501
1 3 2 2 1 	8.693214
1 3 2 2 2 	5.256276
1 3 2 2 3 	-2.555398
1 3 2 3 0 	-38.599450
1 3 2 3 1 	5.581521
1 3 2 3 2 	-12.258352
1 3 2 3 3 	1.728805
1 3 3 0 0 	-3.806672
1 3 3 0 1 	-1.530870
1 3 3 0 2 	-7.180453
1 3 3 0 3 	4.798114
1 3 3 1 0 	1.612270
1 3 3 1 1 	9.194394
1 3 3 1 2 	-0.701859
1 3 3 1 3 	17.541049
1 3 3 2 0 	7.175105
1 3 3 2 1 	-1.080242
1 3 3 2 2 	-4.721886
1 3 3 2 3 	0.212031
1 3 3 3 0 	-2.713318
1 3 3 3 1 	-6.999912
1 3 3 3 2 	-73.316595
1 3 3 3 3 	1.398987
2 0 0 0 0 	5.425812
2 0 0 0 1 	7.053387
2 0 0 0 2 	10.425599
2 0 0 0 3 	-3.162958
2 0 0 1 0 	1.102479
2 0 0 1 1 	-0.339117
2 0 0 1 2 	5.528459
2 0 0 1 3 	-6.592071
2 0 0 2 0 	4.847573
2 0 0 2 1 	-4.072391
2 0 0 2 2 	-10.452773
2 0 0 2 3 	-8.839267
2 0 0 3 0 	-14.577233
2 0 0 3 1 	-0.126202
2 0 0 3 2 	-6.924621
2 0 0 3 3 	9.135583
2 0 1 0 0 	-3.062803
2 0 1 0 1 	-0.930073
2 0 1 0 2 	0.876541
2 0 1 0 3 	4.984770
2 0 1 1 0 	-11.965448
2 0 1 1 1 	-0.849578
2 0 1 1 2 	1.458306
2 0 1 1 3 	-16.455834
2 0 1 2 0 	0.723055
2 0 1 2 1 	-3.754755
2 0 1 2 2 	2.379549
2 0 1 2 3 	-50.391978
2 0 1 3 0 	-29.623402
2 0 1 3 1 	-5.723376
2 0 1 3 2 	-4.201798
2 0 1 3 3 	-0.607289
2 0 2 0 0 	-10.167917
2 0 2 0 1 	-2.180761
2 0 2 0 2 	4.387912
2 0 2 0 3 	5.426600
2 0 2 1 0 	4.894582
2 0 2 1 1 	-12.550645
2 0 2 1 2 	-0.961588
2 0 2 1 3 	-3.781965
2 0 2 2 0 	-2.568525
2 0 2 2 1 	-17.321330
2 0 2 2 2 	1.054479
2 0 2 2 3 	-22.587338
2 0 2 3 0 	-3.270212
2 0 2 3 1 	6.536119
2 0 2 3 2 	2.427624
2 0 2 3 3 	7.140801
2 0 3 0 0 	-4.557224
2 0 3 0 1 	7.458056
2 0 3 0 2 	-4.423233
2 0 3 0 3 	3.522700
2 0 3 1 0 	-4.530172
2 0 3 1 1 	1.152456
2 0 3 1 2 	1.834426
2 0 3 1 3 	-5.190422
2 0 3 2 0 	-3.331272
2 0 3 2 1 	-4.699619
2 0 3 2 2 	-1.307040
2 0 3 2 3 	37.877890
2 0 3 3 0 	-0.479365
2 0 3 3 1 	-4.733793
2 0 3 3 2 	-1.996677
2 0 3 3 3 	1.712916
2 1 0 0 0 	1.256613
2 1 0 0 1 	1.101251
2 1 0 0 2 	2.330610
2 1 0 0 3 	-2.511901
2 1 0 1 0 	-9.992959
2 1 0 1 1 	-5.746077
2 1 0 1 2 	-100.000000
2 1 0 1 3 	1.520134
2 1 0 2 0 	-3.184994
2 1 0 2 1 	13.022738
2 1 0 2 2 	-2.413355
2 1 0 2 3 	-0.974027
2 1 0 3 0 	-1.387596
2 1 0 3 1 	-7.401875
2 1 0 3 2 	-3.244191
2 1 0 3 3 	0.274566
2 1 1 0 0 	-5.124423
2 1 1 0 1 	-4.501127
2 1 1 0 2 	4.805150
2 1 1 0 3 	-20.646059
2 1 1 1 0 	-0.103127
2 1 1 1 1 	5.744920
2 1 1 1 2 	-35.755085
2 1 1 1 3 	-0.025870
2 1 1 2 0 	0.009392
2 1 1 2 1 	-3.559734
2 1 1 2 2 	10.344738
2 1 1 2 3 	0.152021
2 1 1 3 0 	1.096747
2 1 1 3 1 	4.307596
2 1 1 3 2 	9.321018
2 1 1 3 3 	-0.426830
2 1 2 0 0 	9.536958
2 1 2 0 1 	-33.012982
2 1 2 0 2 	2.395005
2 1 2 0 3 	-8.129156
2 1 2 1 0 	-5.247570
2 1 2 1 1 	9.365260
2 1 2 1 2 	-11.961665
2 1 2 1 3 	-1.643696
2 1 2 2 0 	1.962937
2 1 2 2 1 	0.027661
2 1 2 2 2 	-2.072136
2 1 2 2 3 	-36.289888
2 1 2 3 0 	4.843585
2 1 2 3 1 	-1.683971
2 1 2 3 2 	-3.106805
2 1 2 3 3 	7.338474
2 1 3 0 0 	3.744471
2 1 3 0 1 	-4.514508
2 1 3 0 2 	14.305722
2 1 3 0 3 	16.273753
2 1 3 1 0 	2.774242
2 1 3 1 1 	3.215925
2 1 3 1 2 	12.351813
2 1 3 1 3 	-5.532599
2 1 3 2 0 	-13.753906
2 1 3 2 1 	-6.614052
2 1 3 2 2 	-0.484240
2 1 3 2 3 	-7.976800
2 1 3 3 0 	1.868390
2 1 3 3 1 	-1.018039
2 1 3 3 2 	-4.120733
2 1 3 3 3 	-0.806409
2 2 0 0 0 	3.883316
2 2 0 0 1 	-12.823418
2 2 0 0 2 	-5.704954
2 2 0 0 3 	-6.001599
2 2 0 1 0 	15.461751
2 2 0 1 1 	-7.147039
2 2 0 1 2 	-5.928999
2 2 0 1 3 	2.956388
2 2 0 2 0 	23.108126
2 2 0 2 1 	-1.665604
2 2 0 2 2 	1.457483
2 2 0 2 3 	-5.461167
2 2 0 3 0 	3.058723
2 2 0 3 1 	35.946760
2 2 0 3 2 	6.880432
2 2 0 3 3 	-8.222215
2 2 1 0 0 	-2.277222
2 2 1 0 1 	3.528134
2 2 1 0 2 	-35.420880
2 2 1 0 3 	18.546781
2 2 1 1 0 	-8.429189
2 2 1 1 1 	2.551708
2 2 1 1 2 	0.281429
2 2 1 1 3 	-5.194765
2 2 1 2 0 	-1.709208
2 2 1 2 1 	1.254976
2 2 1 2 2 	-4.891428
2 2 1 2 3 	-3.243630
2 2 1 3 0 	82.291420
2 2 1 3 1 	3.296278
2 2 1 3 2 	1.209872
2 2 1 3 3 	-13.650622
2 2 2 0 0 	73.353770
2 2 2 0 1 	88.905357
2 2 2 0 2 	3.695589
2 2 2 0 3 	-6.640319
2 2 2 1 0 	75.908559
2 2 2 1 1 	5.057937
2 2 2 1 2 	6.554865
2 2 2 1 3 	12.289554
2 2 2 2 0 	17.843056
2 2 2 2 1 	74.800946
2 2 2 2 2 	-5.203616
2 2 2 2 3 	70.569256
2 2 2 3 0 	14.521298
2 2 2 3 1 	3.690685
2 2 2 3 2 	1.297228
2 2 2 3 3 	33.964369
2 2 3 0 0 	-8.011423
2 2 3 0 1 	12.308141
2 2 3 0 2 	3.466482
2 2 3 0 3 	22.751724
2 2 3 1 0 	2.557439
2 2 3 1 1 	4.610803
2 2 3 1 2 	3.544783
2 2 3 1 3 	8.785076
2 2 3 2 0 	16.929447
2 2 3 2 1 	1.879279
2 2 3 2 2 	-3.696315
2 2 3 2 3 	20.344143
2 2 3 3 0 	3.584159
2 2 3 3 1 	-3.568406
2 2 3 3 2 	1.942340
2 2 3 3 3 	-12.744389
2 3 0 0 0 	-5.460367
2 3 0 0 1 	5.729715
2 3 0 0 2 	4.886338
2 3 0 0 3 	-7.082920
2 3 0 1 0 	-3.313254
2 3 0 1 1 	-9.561545
2 3 0 1 2 	2.720015
2 3 0 1 3 	-5.710110
2 3 0 2 0 	-0.314953
2 3 0 2 1 	61.432594
2 3 0 2 2 	-23.958920
2 3 0 2 3 	-3.351776
2 3 0 3 0 	3.710213
2 3 0 3 1 	-8.441116
2 3 0 3 2 	-4.561789
2 3 0 3 3 	-51.587381
2 3 1 0 0 	-2.102574
2 3 1 0 1 	-1.593206
2 3 1 0 2 	-13.051059
2 3 1 0 3 	9.385051
2 3 1 1 0 	87.279829
2 3 1 1 1 	4.737229
2 3 1 1 2 	-14.666521
2 3 1 1 3 	2.839370
2 3 1 2 0 	-37.002393
2 3 1 2 1 	3.670550
2 3 1 2 2 	13.408700
2 3 1 2 3 	-1.662430
2 3 1 3 0 	-8.574262
2 3 1 3 1 	-22.617285
2 3 1 3 2 	-1.570168
2 3 1 3 3 	-10.475101
2 3 2 0 0 	-3.599149
2 3 2 0 1 	4.864706
2 3 2 0 2 	2.130991
2 3 2 0 3 	4.565988
2 3 2 1 0 	-2.620525
2 3 2 1 1 	-0.896911
2 3 2 1 2 	14.415239
2 3 2 1 3 	-2.750091
2 3 2 2 0 	4.715887
2 3 2 2 1 	-10.033110
2 3 2 2 2 	-1.653509
2 3 2 2 3 	-0.190019
2 3 2 3 0 	-3.047687
2 3 2 3 1 	-0.262084
2 3 2 3 2 	3.284538
2 3 2 3 3 	-0.272004
2 3 3 0 0 	6.352574
2 3 3 0 1 	-1.372372
2 3 3 0 2 	-0.236927
2 3 3 0 3 	-33.186821
2 3 3 1 0 	-5.777007
2 3 3 1 1 	0.609925
2 3 3 1 2 	-11.025367
2 3 3 1 3 	-5.407443
2 3 3 2 0 	-0.423146
2 3 3 2 1 	4.306131
2 3 3 2 2 	1.588859
2 3 3 2 3 	2.906025
2 3 3 3 0 	-2.884755
2 3 3 3 1 	-39.554266
2 3 3 3 2 	-1.501013
2 3 3 3 3 	-6.106145
3 0 0 0 0 	-8.914105
3 0 0 0 1 	-5.839542
3 0 0 0 2 	3.892485
3 0 0 0 3 	-0.441351
3 0 0 1 0 	-4.995992
3 0 0 1 1 	-2.956815
3 0 0 1 2 	-7.336245
3 0 0 1 3 	-1.231898
3 0 0 2 0 	-0.757327
3 0 0 2 1 	-23.915448
3 0 0 2 2 	42.051190
3 0 0 2 3 	9.633633
3 0 0 3 0 	0.757066
3 0 0 3 1 	-17.992879
3 0 0 3 2 	-12.431734
3 0 0 3 3 	5.599468
3 0 1 0 0 	-5.671982
3 0 1 0 1 	-6.583003
3 0 1 0 2 	-4.544130
3 0 1 0 3 	6.690705
3 0 1 1 0 	-4.956554
3 0 1 1 1 	10.624370
3 0 1 1 2 	-2.820814
3 0 1 1 3 	-1.623157
3 0 1 2 0 	4.646466
3 0 1 2 1 	-1.791127
3 0 1 2 2 	4.147537
3 0 1 2 3 	67.501157
3 0 1 3 0 	3.920089
3 0 1 3 1 	7.825874
3 0 1 3 2 	17.423835
3 0 1 3 3 	-2.960741
3 0 2 0 0 	-5.796526
3 0 2 0 1 	-4.137577
3 0 2 0 2 	-4.938020
3 0 2 0 3 	-30.756721
3 0 2 1 0 	-1.866541
3 0 2 1 1 	-2.783043
3 0 2 1 2 	-0.085543
3 0 2 1 3 	-2.528089
3 0 2 2 0 	-0.067030
3 0 2 2 1 	-6.411358
3 0 2 2 2 	-3.533019
3 0 2 2 3 	-63.888691
3 0 2 3 0 	-5.985377
3 0 2 3 1 	12.038978
3 0 2 3 2 	-14.805113
3 0 2 3 3 	-1.888250
3 0 3 0 0 	-15.462131
3 0 3 0 1 	-7.164256
3 0 3 0 2 	-4.191699
3 0 3 0 3 	-3.483183
3 0 3 1 0 	-4.504835
3 0 3 1 1 	-0.183337
3 0 3 1 2 	-6.488727
3 0 3 1 3 	-23.571791
3 0 3 2 0 	7.550041
3 0 3 2 1 	1.526856
3 0 3 2 2 	-7.018472
3 0 3 2 3 	1.285622
3 0 3 3 0 	-12.016381
3 0 3 3 1 	34.268751
3 0 3 3 2 	-12.673679
3 0 3 3 3 	-1.632686
3 1 0 0 0 	-3.979601
3 1 0 0 1 	6.157782
3 1 0 0 2 	3.811693
3 1 0 0 3 	3.076539
3 1 0 1 0 	3.362610
3 1 0 1 1 	-1.623832
3 1 0 1 2 	4.890130
3 1 0 1 3 	-5.674326
3 1 0 2 0 	11.274055
3 1 0 2 1 	-10.483694
3 1 0 2 2 	3.968519
3 1 0 2 3 	-3.530477
3 1 0 3 0 	-4.140450
3 1 0 3 1 	-4.393105
3 1 0 3 2 	5.283001
3 1 0 3 3 	-15.707008
3 1 1 0 0 	0.333100
3 1 1 0 1 	12.855406
3 1 1 0 2 	1.535090
3 1 1 0 3 	-7.373129
3 1 1 1 0 	3.217067
3 1 1 1 1 	-6.989879
3 1 1 1 2 	0.452621
3 1 1 1 3 	3.363093
3 1 1 2 0 	4.747492
3 1 1 2 1 	8.234766
3 1 1 2 2 	-9.136061
3 1 1 2 3 	3.877202
3 1 1 3 0 	5.959249
3 1 1 3 1 	-1.233420
3 1 1 3 2 	-1.794079
3 1 1 3 3 	-16.474969
3 1 2 0 0 	-0.827908
3 1 2 0 1 	2.768799
3 1 2 0 2 	0.153881
3 1 2 0 3 	3.544170
3 1 2 1 0 	36.833605
3 1 2 1 1 	-0.704160
3 1 2 1 2 	-0.671190
3 1 2 1 3 	5.105197
3 1 2 2 0 	-1.276014
3 1 2 2 1 	-2.307421
3 1 2 2 2 	12.595024
3 1 2 2 3 	77.263448
3 1 2 3 0 	0.814320
3 1 2 3 1 	-1.611182
3 1 2 3 2 	-12.215122
3 1 2 3 3 	-3.690050
3 1 3 0 0 	2.653874
3 1 3 0 1 	9.968649
3 1 3 0 2 	-11.174074
3 1 3 0 3 	-3.071058
3 1 3 1 0 	1.978514
3 1 3 1 1 	2.262856
3 1 3 1 2 	-0.472663
3 1 3 1 3 	4.688584
3 1 3 2 0 	1.922372
3 1 3 2 1 	-9.118556
3 1 3 2 2 	-2.768821
3 1 3 2 3 	-8.114487
3 1 3 3 0 	-0.559109
3 1 3 3 1 	22.480215
3 1 3 3 2 	-2.614507
3 1 3 3 3 	-0.385303
3 2 0 0 0 	-24.710864
3 2 0 0 1 	-7.099956
3 2 0 0 2 	-12.975280
3 2 0 0 3 	-86.158349
3 2 0 1 0 	-18.601382
3 2 0 1 1 	-5.334319
3 2 0 1 2 	-7.968545
3 2 0 1 3 	3.954913
3 2 0 2 0 	1.937991
3 2 0 2 1 	-2.102146
3 2 0 2 2 	3.579154
3 2 0 2 3 	3.791390
3 2 0 3 0 	-3.283735
3 2 0 3 1 	-7.391758
3 2 0 3 2 	6.109031
3 2 0 3 3 	-3.863003
3 2 1 0 0 	1.541118
3 2 1 0 1 	5.315608
3 2 1 0 2 	5.216016
3 2 1 0 3 	-11.775778
3 2 1 1 0 	5.918464
3 2 1 1 1 	-1.057881
3 2 1 1 2 	-1.949703
3 2 1 1 3 	4.223843
3 2 1 2 0 	-11.559618
3 2 1 2 1 	-12.012525
3 2 1 2 2 	-5.626828
3 2 1 2 3 	3.420660
3 2 1 3 0 	-11.921087
3 2 1 3 1 	-4.744256
3 2 1 3 2 	-5.206114
3 2 1 3 3 	10.228007
3 2 2 0 0 	-2.509673
3 2 2 0 1 	6.338102
3 2 2 0 2 	-7.286581
3 2 2 0 3 	0.350656
3 2 2 1 0 	-3.560169
3 2 2 1 1 	-3.954814
3 2 2 1 2 	-2.073628
3 2 2 1 3 	4.832793
3 2 2 2 0 	4.958708
3 2 2 2 1 	0.967540
3 2 2 2 2 	10.371781
3 2 2 2 3 	-2.211287
3 2 2 3 0 	-15.139284
3 2 2 3 1 	-4.362499
3 2 2 3 2 	2.140617
3 2 2 3 3 	-1.702093
3 2 3 0 0 	0.756451
3 2 3 0 1 	-16.375870
3 2 3 0 2 	5.473094
3 2 3 0 3 	-16.776134
3 2 3 1 0 	-5.962840
3 2 3 1 1 	-9.724863
3 2 3 1 2 	2.208396
3 2 3 1 3 	-5.511312
3 2 3 2 0 	-4.839115
3 2 3 2 1 	-0.937616
3 2 3 2 2 	-12.964644
3 2 3 2 3 	5.989416
3 2 3 3 0 	-18.108222
3 2 3 3 1 	-11.247723
3 2 3 3 2 	-18.023152
3 2 3 3 3 	-15.067961
3 3 0 0 0 	-4.304184
3 3 0 0 1 	10.555643
3 3 0 0 2 	-25.320929
3 3 0 0 3 	3.151602
3 3 0 1 0 	9.854885
3 3 0 1 1 	1.863914
3 3 0 1 2 	8.535006
3 3 0 1 3 	-23.815054
3 3 0 2 0 	-2.887295
3 3 0 2 1 	-4.814765
3 3 0 2 2 	3.348674
3 3 0 2 3 	-0.963073
3 3 0 3 0 	3.920050
3 3 0 3 1 	1.372270
3 3 0 3 2 	-2.495615
3 3 0 3 3 	-29.625980
3 3 1 0 0 	9.916242
3 3 1 0 1 	-17.650105
3 3 1 0 2 	-1.801204
3 3 1 0 3 	-15.258319
3 3 1 1 0 	-41.413424
3 3 1 1 1 	1.059818
3 3 1 1 2 	0.569880
3 3 1 1 3 	4.511831
3 3 1 2 0 	1.989090
3 3 1 2 1 	-24.940376
3 3 1 2 2 	-3.877906
3 3 1 2 3 	-6.300351
3 3 1 3 0 	-7.740309
3 3 1 3 1 	1.147153
3 3 1 3 2 	18.960023
3 3 1 3 3 	-0.552090
3 3 2 0 0 	5.824998
3 3 2 0 1 	-5.511181
3 3 2 0 2 	16.391207
3 3 2 0 3 	-1.295531
3 3 2 1 0 	-1.807365
3 3 2 1 1 	-1.201285
3 3 2 1 2 	8.456115
3 3 2 1 3 	6.863086
3 3 2 2 0 	9.262050
3 3 2 2 1 	-3.687168
3 3 2 2 2 	-4.199103
3 3 2 2 3 	-6.894509
3 3 2 3 0 	-9.755826
3 3 2 3 1 	-43.759134
3 3 2 3 2 	-4.110036
3 3 2 3 3 	-1.328905
3 3 3 0 0 	-7.224893
3 3 3 0 1 	-7.629231
3 3 3 0 2 	-14.474690
3 3 3 0 3 	-11.668804
3 3 3 1 0 	1.608864
3 3 3 1 1 	2.373531
3 3 3 1 2 	-7.592286
3 3 3 1 3 	1.424620
3 3 3 2 0 	12.232377
3 3 3 2 1 	-7.844430
3 3 3 2 2 	4.212995
3 3 3 2 3 	5.330735
3 3 3 3 0 	-16.619628
3 3 3 3 1 	-13.956829
3 3 3 3 2 	7.868188
3 3 3 3 3 	-12.749286

