5	1024
0 0 0 0 0 	3.183593
0 0 0 0 1 	-6.806391
0 0 0 0 2 	0.819006
0 0 0 0 3 	6.013449
0 0 0 1 0 	1.830390
0 0 0 1 1 	-12.349351
0 0 0 1 2 	-1.532093
0 0 0 1 3 	31.007005
0 0 0 2 0 	7.572860
0 0 0 2 1 	-2.827572
0 0 0 2 2 	-1.211491
0 0 0 2 3 	3.594888
0 0 0 3 0 	1.895942
0 0 0 3 1 	4.701116
0 0 0 3 2 	-4.358096
0 0 0 3 3 	1.089679
0 0 1 0 0 	4.963079
0 0 1 0 1 	6.097564
0 0 1 0 2 	2.140022
0 0 1 0 3 	3.105500
0 0 1 1 0 	1.321072
0 0 1 1 1 	8.194037
0 0 1 1 2 	4.069248
0 0 1 1 3 	1.601074
0 0 1 2 0 	-0.388552
0 0 1 2 1 	1.562598
0 0 1 2 2 	1.095073
0 0 1 2 3 	-4.468168
0 0 1 3 0 	-8.969304
0 0 1 3 1 	-4.412797
0 0 1 3 2 	-21.016307
0 0 1 3 3 	-0.090740
0 0 2 0 0 	-2.089260
0 0 2 0 1 	11.164273
0 0 2 0 2 	-2.636942
0 0 2 0 3 	-3.670787
0 0 2 1 0 	-4.039089
0 0 2 1 1 	4.475524
0 0 2 1 2 	0.163210
0 0 2 1 3 	-4.022770
0 0 2 2 0 	4.493305
0 0 2 2 1 	-13.625012
0 0 2 2 2 	3.087046
0 0 2 2 3 	-7.859759
0 0 2 3 0 	1.410005
0 0 2 3 1 	-1.328755
0 0 2 3 2 	8.540169
0 0 2 3 3 	1.505898
0 0 3 0 0 	3.877711
0 0 3 0 1 	-0.472471
0 0 3 0 2 	17.272540
0 0 3 0 3 	-4.894344
0 0 3 1 0 	-1.469183
0 0 3 1 1 	6.067091
0 0 3 1 2 	-5.355455
0 0 3 1 3 	-12.633008
0 0 3 2 0 	8.045516
0 0 3 2 1 	0.013688
0 0 3 2 2 	-0.546996
0 0 3 2 3 	-2.444537
0 0 3 3 0 	-6.880347
0 0 3 3 1 	25.925510
0 0 3 3 2 	-4.179449
0 0 3 3 3 	-3.059331
0 1 0 0 0 	4.429466
0 1 0 0 1 	-6.687375
0 1 0 0 2 	1.636956
0 1 0 0 3 	-59.801968
0 1 0 1 0 	-7.116485
0 1 0 1 1 	-0.784346
0 1 0 1 2 	8.478897
0 1 0 1 3 	2.460172
0 1 0 2 0 	-1.359975
0 1 0 2 1 	7.866902
0 1 0 2 2 	0.719565
0 1 0 2 3 	-3.329540
0 1 0 3 0 	4.044107
0 1 0 3 1 	2.939138
0 1 0 3 2 	-6.462376
0 1 0 3 3 	-4.518210
0 1 1 0 0 	5.604079
0 1 1 0 1 	-9.677064
0 1 1 0 2 	7.372062
0 1 1 0 3 	-3.482534
0 1 1 1 0 	-3.085930
0 1 1 1 1 	-2.069585
0 1 1 1 2 	57.530566
0 1 1 1 3 	5.575276
0 1 1 2 0 	-16.820893
0 1 1 2 1 	2.173436
0 1 1 2 2 	4.105810
0 1 1 2 3 	26.799884
0 1 1 3 0 	-7.110413
0 1 1 3 1 	-1.223203
0 1 1 3 2 	5.640835
0 1 1 3 3 	-2.925592
0 1 2 0 0 	-4.971510
0 1 2 0 1 	-3.680671
0 1 2 0 2 	3.173302
0 1 2 0 3 	-2.750043
0 1 2 1 0 	-12.278545
0 1 2 1 1 	0.628140
0 1 2 1 2 	1.412847
0 1 2 1 3 	-2.105038
0 1 2 2 0 	-6.814880
0 1 2 2 1 	-22.891291
0 1 2 2 2 	5.287805
0 1 2 2 3 	5.714523
0 1 2 3 0 	-3.896978
0 1 2 3 1 	-5.567181
0 1 2 3 2 	0.005589
0 1 2 3 3 	-3.934952
0 1 3 0 0 	-8.298990
0 1 3 0 1 	-4.265840
0 1 3 0 2 	-12.871220
0 1 3 0 3 	4.998545
0 1 3 1 0 	1.509121
0 1 3 1 1 	5.528763
0 1 3 1 2 	-7.553050
0 1 3 1 3 	4.476241
0 1 3 2 0 	-0.022127
0 1 3 2 1 	1.212811
0 1 3 2 2 	-5.093286
0 1 3 2 3 	-0.027922
0 1 3 3 0 	-10.076451
0 1 3 3 1 	0.124005
0 1 3 3 2 	1.820840
0 1 3 3 3 	5.208339
0 2 0 0 0 	-17.909996
0 2 0 0 1 	6.339464
0 2 0 0 2 	-0.443923
0 2 0 0 3 	-4.084447
0 2 0 1 0 	7.546491
0 2 0 1 1 	3.252497
0 2 0 1 2 	5.753750
0 2 0 1 3 	0.885228
0 2 0 2 0 	-2.820486
0 2 0 2 1 	0.698699
0 2 0 2 2 	-8.449618
0 2 0 2 3 	-5.108301
0 2 0 3 0 	-0.006908
0 2 0 3 1 	2.203195
0 2 0 3 2 	-19.564837
0 2 0 3 3 	-5.713777
0 2 1 0 0 	-3.744979
0 2 1 0 1 	-1.209957
0 2 1 0 2 	-0.705062
0 2 1 0 3 	-0.136680
0 2 1 1 0 	-2.821990
0 2 1 1 1 	0.692876
0 2 1 1 2 	-2.370000
0 2 1 1 3 	7.296827
0 2 1 2 0 	7.542138
0 2 1 2 1 	-1.391859
0 2 1 2 2 	3.567067
0 2 1 2 3 	-11.721262
0 2 1 3 0 	-5.957152
0 2 1 3 1 	6.329491
0 2 1 3 2 	-1.640881
0 2 1 3 3 	4.200399
0 2 2 0 0 	18.947903
0 2 2 0 1 	-0.434566
0 2 2 0 2 	-5.055685
0 2 2 0 3 	7.945032
0 2 2 1 0 	4.105455
0 2 2 1 1 	-0.422220
0 2 2 1 2 	5.509167
0 2 2 1 3 	-9.896406
0 2 2 2 0 	-12.269234
0 2 2 2 1 	-2.693859
0 2 2 2 2 	-2.232914
0 2 2 2 3 	2.549559
0 2 2 3 0 	-2.325898
0 2 2 3 1 	4.882213
0 2 2 3 2 	-6.922041
0 2 2 3 3 	5.789769
0 2 3 0 0 	-2.073350
0 2 3 0 1 	-4.929495
0 2 3 0 2 	-3.732085
0 2 3 0 3 	3.549950
0 2 3 1 0 	-1.541575
0 2 3 1 1 	-0.293543
0 2 3 1 2 	6.750846
0 2 3 1 3 	-41.708133
0 2 3 2 0 	-16.460312
0 2 3 2 1 	1.872478
0 2 3 2 2 	-22.052890
0 2 3 2 3 	-2.946336
0 2 3 3 0 	8.064459
0 2 3 3 1 	0.158059
0 2 3 3 2 	-3.327514
0 2 3 3 3 	10.170780
0 3 0 0 0 	-2.792765
0 3 0 0 1 	-1.748155
0 3 0 0 2 	-3.670815
0 3 0 0 3 	-3.034686
0 3 0 1 0 	3.423851
0 3 0 1 1 	-4.481851
0 3 0 1 2 	0.585362
0 3 0 1 3 	-16.568053
0 3 0 2 0 	5.533197
0 3 0 2 1 	12.457908
0 3 0 2 2 	5.120045
0 3 0 2 3 	-5.355712
0 3 0 3 0 	-2.598751
0 3 0 3 1 	0.537021
0 3 0 3 2 	-1.632217
0 3 0 3 3 	2.989871
0 3 1 0 0 	7.958347
0 3 1 0 1 	8.291268
0 3 1 0 2 	2.803631
0 3 1 0 3 	-1.260148
0 3 1 1 0 	1.768065
0 3 1 1 1 	-4.191151
0 3 1 1 2 	3.768937
0 3 1 1 3 	-1.001019
0 3 1 2 0 	-4.724808
0 3 1 2 1 	-14.730192
0 3 1 2 2 	8.078345
0 3 1 2 3 	2.064946
0 3 1 3 0 	4.081669
0 3 1 3 1 	0.773915
0 3 1 3 2 	0.801057
0 3 1 3 3 	5.652063
0 3 2 0 0 	9.484918
0 3 2 0 1 	1.273506
0 3 2 0 2 	-2.471766
0 3 2 0 3 	-5.769079
0 3 2 1 0 	-6.641673
0 3 2 1 1 	11.253546
0 3 2 1 2 	-5.678834
0 3 2 1 3 	4.293739
0 3 2 2 0 	-20.331838
0 3 2 2 1 	3.497382
0 3 2 2 2 	-2.316982
0 3 2 2 3 	0.558018
0 3 2 3 0 	-0.366637
0 3 2 3 1 	-1.407501
0 3 2 3 2 	1.380678
0 3 2 3 3 	-8.127828
0 3 3 0 0 	-1.766386
0 3 3 0 1 	3.867556
0 3 3 0 2 	-0.805943
0 3 3 0 3 	6.914957
0 3 3 1 0 	8.807707
0 3 3 1 1 	-6.630621
0 3 3 1 2 	-7.844750
0 3 3 1 3 	-5.179950
0 3 3 2 0 	-8.372126
0 3 3 2 1 	1.658292
0 3 3 2 2 	15.090736
0 3 3 2 3 	-0.544945
0 3 3 3 0 	0.780683
0 3 3 3 1 	3.891591
0 3 3 3 2 	-1.653575
0 3 3 3 3 	-3.762506
1 0 0 0 0 	6.284973
1 0 0 0 1 	-5.708881
1 0 0 0 2 	-5.268310
1 0 0 0 3 	-9.221506
1 0 0 1 0 	-0.761702
1 0 0 1 1 	-0.093401
1 0 0 1 2 	-4.490089
1 0 0 1 3 	11.595220
1 0 0 2 0 	-8.491839
1 0 0 2 1 	2.073802
1 0 0 2 2 	-3.419435
1 0 0 2 3 	-12.531488
1 0 0 3 0 	-10.438131
1 0 0 3 1 	-1.430667
1 0 0 3 2 	2.719308
1 0 0 3 3 	4.734462
1 0 1 0 0 	10.634407
1 0 1 0 1 	-3.521892
1 0 1 0 2 	2.714154
1 0 1 0 3 	4.411701
1 0 1 1 0 	-19.305749
1 0 1 1 1 	-4.477501
1 0 1 1 2 	37.944964
1 0 1 1 3 	-6.207823
1 0 1 2 0 	-18.689992
1 0 1 2 1 	-7.072986
1 0 1 2 2 	-1.782655
1 0 1 2 3 	-8.523510
1 0 1 3 0 	0.459040
1 0 1 3 1 	-2.350535
1 0 1 3 2 	-2.559236
1 0 1 3 3 	4.549673
1 0 2 0 0 	2.428090
1 0 2 0 1 	-5.056455
1 0 2 0 2 	0.129794
1 0 2 0 3 	-6.760624
1 0 2 1 0 	1.364338
1 0 2 1 1 	2.845710
1 0 2 1 2 	-6.409323
1 0 2 1 3 	44.696963
1 0 2 2 0 	2.027651
1 0 2 2 1 	5.847504
1 0 2 2 2 	-1.289902
1 0 2 2 3 	-2.979209
1 0 2 3 0 	-1.738293
1 0 2 3 1 	-2.603921
1 0 2 3 2 	0.497489
1 0 2 3 3 	-1.455214
1 0 3 0 0 	3.962491
1 0 3 0 1 	-11.111330
1 0 3 0 2 	2.139138
1 0 3 0 3 	21.000290
1 0 3 1 0 	13.387272
1 0 3 1 1 	-36.585444
1 0 3 1 2 	-2.053173
1 0 3 1 3 	6.570896
1 0 3 2 0 	-1.643610
1 0 3 2 1 	-3.128060
1 0 3 2 2 	-1.687785
1 0 3 2 3 	6.384327
1 0 3 3 0 	26.837263
1 0 3 3 1 	5.867870
1 0 3 3 2 	-5.056037
1 0 3 3 3 	1.481621
1 1 0 0 0 	15.600082
1 1 0 0 1 	-29.262605
1 1 0 0 2 	6.088606
1 1 0 0 3 	1.196567
1 1 0 1 0 	44.522928
1 1 0 1 1 	4.609458
1 1 0 1 2 	-6.274516
1 1 0 1 3 	-11.763760
1 1 0 2 0 	-1.848257
1 1 0 2 1 	14.028017
1 1 0 2 2 	-4.762535
1 1 0 2 3 	-1.569647
1 1 0 3 0 	3.319502
1 1 0 3 1 	0.807258
1 1 0 3 2 	-2.272802
1 1 0 3 3 	8.292939
1 1 1 0 0 	14.396744
1 1 1 0 1 	-2.176189
1 1 1 0 2 	4.449861
1 1 1 0 3 	26.976972
1 1 1 1 0 	40.032575
1 1 1 1 1 	1.637219
1 1 1 1 2 	20.682505
1 1 1 1 3 	86.155345
1 1 1 2 0 	4.198636
1 1 1 2 1 	1.917298
1 1 1 2 2 	1.764179
1 1 1 2 3 	80.737831
1 1 1 3 0 	3.259637
1 1 1 3 1 	-4.444402
1 1 1 3 2 	5.040481
1 1 1 3 3 	5.621153
1 1 2 0 0 	2.715760
1 1 2 0 1 	2.760085
1 1 2 0 2 	1.218775
1 1 2 0 3 	-1.084559
1 1 2 1 0 	2.690232
1 1 2 1 1 	-2.476435
1 1 2 1 2 	-6.960262
1 1 2 1 3 	-17.918955
1 1 2 2 0 	-2.462709
1 1 2 2 1 	-3.544976
1 1 2 2 2 	0.976528
1 1 2 2 3 	1.478444
1 1 2 3 0 	6.424305
1 1 2 3 1 	-1.153961
1 1 2 3 2 	3.643458
1 1 2 3 3 	-0.798922
1 1 3 0 0 	-11.435723
1 1 3 0 1 	1.461522
1 1 3 0 2 	0.574340
1 1 3 0 3 	-21.367417
1 1 3 1 0 	-2.531659
1 1 3 1 1 	-0.371585
1 1 3 1 2 	6.587085
1 1 3 1 3 	-2.417584
1 1 3 2 0 	4.216163
1 1 3 2 1 	-2.993569
1 1 3 2 2 	7.563976
1 1 3 2 3 	0.951260
1 1 3 3 0 	5.342722
1 1 3 3 1 	0.288710
1 1 3 3 2 	-12.125128
1 1 3 3 3 	-5.069223
1 2 0 0 0 	-7.517625
1 2 0 0 1 	-1.195431
1 2 0 0 2 	12.653296
1 2 0 0 3 	-5.741242
1 2 0 1 0 	6.762759
1 2 0 1 1 	-0.727987
1 2 0 1 2 	3.058731
1 2 0 1 3 	10.239359
1 2 0 2 0 	-2.125097
1 2 0 2 1 	-16.414413
1 2 0 2 2 	-4.452660
1 2 0 2 3 	-6.223726
1 2 0 3 0 	-6.838677
1 2 0 3 1 	1.701917
1 2 0 3 2 	31.097604
1 2 0 3 3 	2.616478
1 2 1 0 0 	4.155889
1 2 1 0 1 	-4.058417
1 2 1 0 2 	-3.172910
1 2 1 0 3 	28.996655
1 2 1 1 0 	-6.756929
1 2 1 1 1 	-17.396864
1 2 1 1 2 	-5.208821
1 2 1 1 3 	-0.557411
1 2 1 2 0 	-6.409700
1 2 1 2 1 	6.655722
1 2 1 2 2 	1.004991
1 2 1 2 3 	-9.949798
1 2 1 3 0 	4.750497
1 2 1 3 1 	-6.542308
1 2 1 3 2 	-4.395186
1 2 1 3 3 	0.739952
1 2 2 0 0 	-6.107467
1 2 2 0 1 	-13.237787
1 2 2 0 2 	2.493510
1 2 2 0 3 	-3.823977
1 2 2 1 0 	6.676188
1 2 2 1 1 	-1.151059
1 2 2 1 2 	-6.044292
1 2 2 1 3 	-6.801649
1 2 2 2 0 	-8.609422
1 2 2 2 1 	-4.435180
1 2 2 2 2 	2.789074
1 2 2 2 3 	-5.406629
1 2 2 3 0 	-2.111512
1 2 2 3 1 	-1.112746
1 2 2 3 2 	0.097060
1 2 2 3 3 	-5.276071
1 2 3 0 0 	-8.532650
1 2 3 0 1 	1.586033
1 2 3 0 2 	-2.523995
1 2 3 0 3 	-11.233567
1 2 3 1 0 	-1.963993
1 2 3 1 1 	-3.206108
1 2 3 1 2 	-0.716842
1 2 3 1 3 	-15.236444
1 2 3 2 0 	-3.400728
1 2 3 2 1 	-3.533243
1 2 3 2 2 	2.083565
1 2 3 2 3 	1.497859
1 2 3 3 0 	-3.252768
1 2 3 3 1 	2.651145
1 2 3 3 2 	-8.366392
1 2 3 3 3 	-4.388961
1 3 0 0 0 	-2.008166
1 3 0 0 1 	0.342755
1 3 0 0 2 	7.494181
1 3 0 0 3 	3.920375
1 3 0 1 0 	-0.059517
1 3 0 1 1 	11.070312
1 3 0 1 2 	-4.998866
1 3 0 1 3 	8.723593
1 3 0 2 0 	-3.625071
1 3 0 2 1 	1.903926
1 3 0 2 2 	-3.230891
1 3 0 2 3 	6.161483
1 3 0 3 0 	-16.961940
1 3 0 3 1 	-5.289148
1 3 0 3 2 	-9.961491
1 3 0 3 3 	-3.834002
1 3 1 0 0 	5.120581
1 3 1 0 1 	1.255834
1 3 1 0 2 	0.632695
1 3 1 0 3 	4.095308
1 3 1 1 0 	-7.872926
1 3 1 1 1 	-4.367911
1 3 1 1 2 	-1.126350
1 3 1 1 3 	4.893800
1 3 1 2 0 	-0.642308
1 3 1 2 1 	-1.576591
1 3 1 2 2 	-1.993546
1 3 1 2 3 	-7.501831
1 3 1 3 0 	-0.366224
1 3 1 3 1 	7.032378
1 3 1 3 2 	2.244802
1 3 1 3 3 	-0.987699
1 3 2 0 0 	-0.181923
1 3 2 0 1 	-1.878160
1 3 2 0 2 	4.349338
1 3 2 0 3 	-2.964522
1 3 2 1 0 	-7.872657
1 3 2 1 1 	-4.433760
1 3 2 1 2 	-5.343913
1 3 2 1 3 	2.804085
1 3 2 2 0 	-7.073798
1 3 2 2 1 	-2.775995
1 3 2 2 2 	1.149112
1 3 2 2 3 	0.171300
1 3 2 3 0 	-1.806901
1 3 2 3 1 	0.593399
1 3 2 3 2 	1.654688
1 3 2 3 3 	5.359879
1 3 3 0 0 	4.887494
1 3 3 0 1 	8.145972
1 3 3 0 2 	3.041161
1 3 3 0 3 	9.170879
1 3 3 1 0 	-15.328022
1 3 3 1 1 	2.116111
1 3 3 1 2 	-5.205944
1 3 3 1 3 	3.533064
1 3 3 2 0 	4.559565
1 3 3 2 1 	1.460114
1 3 3 2 2 	-2.119015
1 3 3 2 3 	-3.226042
1 3 3 3 0 	5.869681
1 3 3 3 1 	-7.395727
1 3 3 3 2 	-3.601296
1 3 3 3 3 	5.699196
2 0 0 0 0 	12.328940
2 0 0 0 1 	0.437607
2 0 0 0 2 	5.370469
2 0 0 0 3 	-26.868248
2 0 0 1 0 	2.400950
2 0 0 1 1 	-1.367434
2 0 0 1 2 	2.985528
2 0 0 1 3 	-1.064063
2 0 0 2 0 	4.666455
2 0 0 2 1 	-8.852235
2 0 0 2 2 	-4.588809
2 0 0 2 3 	-2.146436
2 0 0 3 0 	-7.192712
2 0 0 3 1 	4.120852
2 0 0 3 2 	2.394433
2 0 0 3 3 	-2.463949
2 0 1 0 0 	-3.681646
2 0 1 0 1 	-5.417335
2 0 1 0 2 	2.115441
2 0 1 0 3 	6.007859
2 0 1 1 0 	5.031727
2 0 1 1 1 	-5.085708
2 0 1 1 2 	2.057762
2 0 1 1 3 	-0.153843
2 0 1 2 0 	5.789304
2 0 1 2 1 	0.738556
2 0 1 2 2 	-4.125961
2 0 1 2 3 	-27.017201
2 0 1 3 0 	-3.823008
2 0 1 3 1 	-2.244070
2 0 1 3 2 	0.921801
2 0 1 3 3 	-19.937273
2 0 2 0 0 	-4.153508
2 0 2 0 1 	3.390087
2 0 2 0 2 	-4.926070
2 0 2 0 3 	5.251010
2 0 2 1 0 	8.232657
2 0 2 1 1 	-2.450920
2 0 2 1 2 	0.514624
2 0 2 1 3 	-0.783939
2 0 2 2 0 	4.891781
2 0 2 2 1 	-1.325740
2 0 2 2 2 	6.822420
2 0 2 2 3 	-1.260898
2 0 2 3 0 	-7.955419
2 0 2 3 1 	3.153995
2 0 2 3 2 	5.501844
2 0 2 3 3 	-3.856613
2 0 3 0 0 	2.305320
2 0 3 0 1 	-6.592648
2 0 3 0 2 	-6.850436
2 0 3 0 3 	4.457971
2 0 3 1 0 	-2.760715
2 0 3 1 1 	2.081531
2 0 3 1 2 	1.370218
2 0 3 1 3 	-6.713072
2 0 3 2 0 	1.176236
2 0 3 2 1 	-6.447230
2 0 3 2 2 	-3.542694
2 0 3 2 3 	7.746819
2 0 3 3 0 	2.212114
2 0 3 3 1 	-28.390031
2 0 3 3 2 	1.047679
2 0 3 3 3 	-1.201127
2 1 0 0 0 	-5.842108
2 1 0 0 1 	-6.905349
2 1 0 0 2 	0.701066
2 1 0 0 3 	-6.142720
2 1 0 1 0 	-2.586037
2 1 0 1 1 	3.709636
2 1 0 1 2 	-81.753838
2 1 0 1 3 	0.837029
2 1 0 2 0 	-2.988100
2 1 0 2 1 	1.987228
2 1 0 2 2 	1.957782
2 1 0 2 3 	-6.189914
2 1 0 3 0 	2.916136
2 1 0 3 1 	1.222548
2 1 0 3 2 	-1.706293
2 1 0 3 3 	-1.957876
2 1 1 0 0 	-4.767826
2 1 1 0 1 	-2.641508
2 1 1 0 2 	-2.778360
2 1 1 0 3 	4.890513
2 1 1 1 0 	3.781291
2 1 1 1 1 	1.136493
2 1 1 1 2 	-4.236076
2 1 1 1 3 	0.757714
2 1 1 2 0 	-0.562324
2 1 1 2 1 	-10.149183
2 1 1 2 2 	0.251297
2 1 1 2 3 	-2.994511
2 1 1 3 0 	-0.802604
2 1 1 3 1 	9.078623
2 1 1 3 2 	12.811133
2 1 1 3 3 	-0.671412
2 1 2 0 0 	-1.313751
2 1 2 0 1 	-4.498368
2 1 2 0 2 	9.947526
2 1 2 0 3 	-0.886113
2 1 2 1 0 	-4.226310
2 1 2 1 1 	0.192662
2 1 2 1 2 	-3.306337
2 1 2 1 3 	2.791933
2 1 2 2 0 	4.354546
2 1 2 2 1 	-3.644232
2 1 2 2 2 	-1.611970
2 1 2 2 3 	-3.930730
2 1 2 3 0 	-1.362060
2 1 2 3 1 	-7.931140
2 1 2 3 2 	-9.510521
2 1 2 3 3 	0.382346
2 1 3 0 0 	-5.534073
2 1 3 0 1 	-9.727615
2 1 3 0 2 	4.020617
2 1 3 0 3 	0.796732
2 1 3 1 0 	6.092486
2 1 3 1 1 	-0.573265
2 1 3 1 2 	-4.791619
2 1 3 1 3 	-1.120923
2 1 3 2 0 	-1.964354
2 1 3 2 1 	-5.417263
2 1 3 2 2 	-2.023919
2 1 3 2 3 	2.840560
2 1 3 3 0 	-0.596257
2 1 3 3 1 	-2.850170
2 1 3 3 2 	5.730494
2 1 3 3 3 	4.800000
2 2 0 0 0 	20.446335
2 2 0 0 1 	-10.192272
2 2 0 0 2 	-8.231063
2 2 0 0 3 	8.042240
2 2 0 1 0 	10.186702
2 2 0 1 1 	-4.467903
2 2 0 1 2 	-5.957829
2 2 0 1 3 	7.352534
2 2 0 2 0 	-0.831143
2 2 0 2 1 	0.557741
2 2 0 2 2 	7.127910
2 2 0 2 3 	-4.375022
2 2 0 3 0 	4.714495
2 2 0 3 1 	8.723661
2 2 0 3 2 	4.207460
2 2 0 3 3 	-0.987199
2 2 1 0 0 	-11.044726
2 2 1 0 1 	5.183406
2 2 1 0 2 	-3.053430
2 2 1 0 3 	6.921469
2 2 1 1 0 	0.141186
2 2 1 1 1 	-1.099307
2 2 1 1 2 	0.528984
2 2 1 1 3 	3.284720
2 2 1 2 0 	3.229361
2 2 1 2 1 	-4.934155
2 2 1 2 2 	3.704521
2 2 1 2 3 	18.329761
2 2 1 3 0 	21.315146
2 2 1 3 1 	6.845639
2 2 1 3 2 	-2.048874
2 2 1 3 3 	-2.235362
2 2 2 0 0 	-1.292014
2 2 2 0 1 	11.320359
2 2 2 0 2 	6.492012
2 2 2 0 3 	1.617903
2 2 2 1 0 	5.730239
2 2 2 1 1 	3.227670
2 2 2 1 2 	7.857599
2 2 2 1 3 	5.431126
2 2 2 2 0 	22.795574
2 2 2 2 1 	79.119807
2 2 2 2 2 	4.735368
2 2 2 2 3 	96.946266
2 2 2 3 0 	-3.480143
2 2 2 3 1 	1.207145
2 2 2 3 2 	8.750573
2 2 2 3 3 	2.983692
2 2 3 0 0 	-10.584126
2 2 3 0 1 	13.028774
2 2 3 0 2 	-5.683089
2 2 3 0 3 	1.482538
2 2 3 1 0 	-2.018749
2 2 3 1 1 	20.144708
2 2 3 1 2 	-4.476065
2 2 3 1 3 	1.840431
2 2 3 2 0 	-1.826549
2 2 3 2 1 	3.906711
2 2 3 2 2 	2.500805
2 2 3 2 3 	18.469950
2 2 3 3 0 	1.398744
2 2 3 3 1 	-10.099427
2 2 3 3 2 	-8.636713
2 2 3 3 3 	1.371058
2 3 0 0 0 	-2.729890
2 3 0 0 1 	2.973749
2 3 0 0 2 	53.066608
2 3 0 0 3 	-2.174323
2 3 0 1 0 	-3.251698
2 3 0 1 1 	1.950755
2 3 0 1 2 	-7.552451
2 3 0 1 3 	-4.571354
2 3 0 2 0 	-0.481833
2 3 0 2 1 	6.307911
2 3 0 2 2 	-7.474913
2 3 0 2 3 	4.634849
2 3 0 3 0 	-1.740776
2 3 0 3 1 	0.482923
2 3 0 3 2 	2.607404
2 3 0 3 3 	-40.283159
2 3 1 0 0 	0.406789
2 3 1 0 1 	-3.481225
2 3 1 0 2 	12.324641
2 3 1 0 3 	-32.273656
2 3 1 1 0 	8.760570
2 3 1 1 1 	4.529194
2 3 1 1 2 	-2.581053
2 3 1 1 3 	4.878559
2 3 1 2 0 	0.085491
2 3 1 2 1 	3.726325
2 3 1 2 2 	1.913246
2 3 1 2 3 	0.644752
2 3 1 3 0 	-5.813571
2 3 1 3 1 	-7.892927
2 3 1 3 2 	-1.326820
2 3 1 3 3 	-3.269274
2 3 2 0 0 	-7.175635
2 3 2 0 1 	-1.825145
2 3 2 0 2 	-8.134719
2 3 2 0 3 	0.011328
2 3 2 1 0 	-1.493635
2 3 2 1 1 	1.081358
2 3 2 1 2 	6.595552
2 3 2 1 3 	-8.748768
2 3 2 2 0 	-1.060093
2 3 2 2 1 	-4.915054
2 3 2 2 2 	-5.117056
2 3 2 2 3 	4.875992
2 3 2 3 0 	-4.868676
2 3 2 3 1 	-2.601176
2 3 2 3 2 	4.005985
2 3 2 3 3 	-1.120361
2 3 3 0 0 	7.684339
2 3 3 0 1 	-0.565195
2 3 3 0 2 	-10.710961
2 3 3 0 3 	-3.860510
2 3 3 1 0 	3.115103
2 3 3 1 1 	0.940594
2 3 3 1 2 	-0.740613
2 3 3 1 3 	-7.891788
2 3 3 2 0 	-0.779417
2 3 3 2 1 	-4.525762
2 3 3 2 2 	9.989185
2 3 3 2 3 	8.864620
2 3 3 3 0 	-10.911767
2 3 3 3 1 	-28.072639
2 3 3 3 2 	5.596470
2 3 3 3 3 	8.982990
3 0 0 0 0 	-11.811123
3 0 0 0 1 	2.653465
3 0 0 0 2 	-8.701109
3 0 0 0 3 	-6.066017
3 0 0 1 0 	-6.433701
3 0 0 1 1 	2.030120
3 0 0 1 2 	-8.331465
3 0 0 1 3 	1.452802
3 0 0 2 0 	-1.927531
3 0 0 2 1 	-5.504290
3 0 0 2 2 	2.666317
3 0 0 2 3 	3.577120
3 0 0 3 0 	1.668813
3 0 0 3 1 	-1.379320
3 0 0 3 2 	-0.578326
3 0 0 3 3 	5.532965
3 0 1 0 0 	-5.026318
3 0 1 0 1 	5.075242
3 0 1 0 2 	-8.620487
3 0 1 0 3 	-17.006819
3 0 1 1 0 	-0.820901
3 0 1 1 1 	3.707789
3 0 1 1 2 	-5.010473
3 0 1 1 3 	-3.454884
3 0 1 2 0 	-2.228345
3 0 1 2 1 	-1.863897
3 0 1 2 2 	6.268224
3 0 1 2 3 	23.283482
3 0 1 3 0 	9.544056
3 0 1 3 1 	4.718507
3 0 1 3 2 	2.871947
3 0 1 3 3 	-16.241924
3 0 2 0 0 	-2.378912
3 0 2 0 1 	3.579313
3 0 2 0 2 	7.693693
3 0 2 0 3 	-11.593643
3 0 2 1 0 	6.833964
3 0 2 1 1 	5.399886
3 0 2 1 2 	-0.280998
3 0 2 1 3 	-5.809615
3 0 2 2 0 	-0.039091
3 0 2 2 1 	-10.501760
3 0 2 2 2 	-2.012979
3 0 2 2 3 	-8.463452
3 0 2 3 0 	-1.678685
3 0 2 3 1 	-2.119271
3 0 2 3 2 	-4.967295
3 0 2 3 3 	-2.442334
3 0 3 0 0 	-7.109738
3 0 3 0 1 	-5.979835
3 0 3 0 2 	-4.665869
3 0 3 0 3 	-5.143411
3 0 3 1 0 	-0.662422
3 0 3 1 1 	2.571901
3 0 3 1 2 	5.773020
3 0 3 1 3 	-11.331872
3 0 3 2 0 	4.553337
3 0 3 2 1 	-10.694191
3 0 3 2 2 	-2.427383
3 0 3 2 3 	-0.288457
3 0 3 3 0 	-4.716329
3 0 3 3 1 	6.295754
3 0 3 3 2 	-4.532554
3 0 3 3 3 	-0.166328
3 1 0 0 0 	-0.943662
3 1 0 0 1 	1.597583
3 1 0 0 2 	3.875187
3 1 0 0 3 	0.856818
3 1 0 1 0 	0.728548
3 1 0 1 1 	-1.975650
3 1 0 1 2 	-18.608525
3 1 0 1 3 	3.059003
3 1 0 2 0 	10.557395
3 1 0 2 1 	-3.594391
3 1 0 2 2 	1.773812
3 1 0 2 3 	-24.079074
3 1 0 3 0 	-4.197010
3 1 0 3 1 	2.916497
3 1 0 3 2 	-0.773131
3 1 0 3 3 	-1.013086
3 1 1 0 0 	8.034128
3 1 1 0 1 	-1.786787
3 1 1 0 2 	-3.299692
3 1 1 0 3 	-3.048068
3 1 1 1 0 	-0.415885
3 1 1 1 1 	-2.845782
3 1 1 1 2 	1.749648
3 1 1 1 3 	-1.591751
3 1 1 2 0 	-1.199869
3 1 1 2 1 	0.333006
3 1 1 2 2 	-2.174448
3 1 1 2 3 	-2.800974
3 1 1 3 0 	-1.704297
3 1 1 3 1 	3.064548
3 1 1 3 2 	-3.963178
3 1 1 3 3 	-3.278160
3 1 2 0 0 	6.964478
3 1 2 0 1 	1.264441
3 1 2 0 2 	-7.580449
3 1 2 0 3 	-8.410349
3 1 2 1 0 	0.751910
3 1 2 1 1 	4.969586
3 1 2 1 2 	-4.078914
3 1 2 1 3 	5.941670
3 1 2 2 0 	3.965875
3 1 2 2 1 	6.605917
3 1 2 2 2 	4.363551
3 1 2 2 3 	13.980277
3 1 2 3 0 	3.991639
3 1 2 3 1 	3.232086
3 1 2 3 2 	-3.867896
3 1 2 3 3 	-12.708461
3 1 3 0 0 	4.411849
3 1 3 0 1 	0.490928
3 1 3 0 2 	-11.346666
3 1 3 0 3 	-4.460129
3 1 3 1 0 	-2.333637
3 1 3 1 1 	1.667424
3 1 3 1 2 	7.449515
3 1 3 1 3 	4.863136
3 1 3 2 0 	-5.492678
3 1 3 2 1 	-3.565767
3 1 3 2 2 	-3.917755
3 1 3 2 3 	-11.048855
3 1 3 3 0 	-1.283655
3 1 3 3 1 	11.965510
3 1 3 3 2 	-0.747363
3 1 3 3 3 	-0.242482
3 2 0 0 0 	-24.053965
3 2 0 0 1 	-7.574886
3 2 0 0 2 	0.023544
3 2 0 0 3 	-1.863648
3 2 0 1 0 	-21.909227
3 2 0 1 1 	1.874634
3 2 0 1 2 	-1.343148
3 2 0 1 3 	-1.026140
3 2 0 2 0 	13.772544
3 2 0 2 1 	-2.447161
3 2 0 2 2 	0.552886
3 2 0 2 3 	5.706257
3 2 0 3 0 	-8.276139
3 2 0 3 1 	1.059112
3 2 0 3 2 	7.488117
3 2 0 3 3 	-4.858871
3 2 1 0 0 	2.025811
3 2 1 0 1 	0.311048
3 2 1 0 2 	1.426412
3 2 1 0 3 	-3.112452
3 2 1 1 0 	-3.978682
3 2 1 1 1 	-7.301768
3 2 1 1 2 	-4.839440
3 2 1 1 3 	-2.653296
3 2 1 2 0 	-0.352752
3 2 1 2 1 	-5.100523
3 2 1 2 2 	-7.035867
3 2 1 2 3 	0.544085
3 2 1 3 0 	-5.545475
3 2 1 3 1 	0.295084
3 2 1 3 2 	-5.211655
3 2 1 3 3 	-1.787415
3 2 2 0 0 	-4.484651
3 2 2 0 1 	-1.382665
3 2 2 0 2 	0.262087
3 2 2 0 3 	0.699453
3 2 2 1 0 	3.867125
3 2 2 1 1 	-6.541090
3 2 2 1 2 	1.593991
3 2 2 1 3 	-2.015566
3 2 2 2 0 	-6.204801
3 2 2 2 1 	2.539062
3 2 2 2 2 	8.082946
3 2 2 2 3 	5.529004
3 2 2 3 0 	-4.506354
3 2 2 3 1 	3.601016
3 2 2 3 2 	-1.157078
3 2 2 3 3 	5.924568
3 2 3 0 0 	4.559204
3 2 3 0 1 	-0.088613
3 2 3 0 2 	3.003574
3 2 3 0 3 	-3.984464
3 2 3 1 0 	3.237368
3 2 3 1 1 	-3.745615
3 2 3 1 2 	2.328947
3 2 3 1 3 	-8.495886
3 2 3 2 0 	1.213387
3 2 3 2 1 	-3.755390
3 2 3 2 2 	3.175369
3 2 3 2 3 	-2.095863
3 2 3 3 0 	6.665472
3 2 3 3 1 	-2.803364
3 2 3 3 2 	-0.769314
3 2 3 3 3 	0.940848
3 3 0 0 0 	-11.448653
3 3 0 0 1 	-1.186129
3 3 0 0 2 	-14.221290
3 3 0 0 3 	8.218057
3 3 0 1 0 	0.515158
3 3 0 1 1 	1.188330
3 3 0 1 2 	4.061088
3 3 0 1 3 	-8.309335
3 3 0 2 0 	1.857518
3 3 0 2 1 	-1.027802
3 3 0 2 2 	-5.218255
3 3 0 2 3 	2.728270
3 3 0 3 0 	7.301899
3 3 0 3 1 	0.693345
3 3 0 3 2 	-5.274506
3 3 0 3 3 	-7.818840
3 3 1 0 0 	2.156180
3 3 1 0 1 	-3.361691
3 3 1 0 2 	3.254917
3 3 1 0 3 	3.061148
3 3 1 1 0 	-0.206491
3 3 1 1 1 	-26.633576
3 3 1 1 2 	-0.001871
3 3 1 1 3 	0.596267
3 3 1 2 0 	2.642590
3 3 1 2 1 	-3.626588
3 3 1 2 2 	-10.123708
3 3 1 2 3 	-4.172191
3 3 1 3 0 	-1.316996
3 3 1 3 1 	-0.510567
3 3 1 3 2 	1.450569
3 3 1 3 3 	9.987585
3 3 2 0 0 	3.060820
3 3 2 0 1 	6.407913
3 3 2 0 2 	-0.068225
3 3 2 0 3 	-18.419797
3 3 2 1 0 	-1.560885
3 3 2 1 1 	-3.990655
3 3 2 1 2 	-4.384559
3 3 2 1 3 	-5.536275
3 3 2 2 0 	-28.683504
3 3 2 2 1 	2.401461
3 3 2 2 2 	-4.379063
3 3 2 2 3 	-1.283801
3 3 2 3 0 	1.131256
3 3 2 3 1 	-1.578092
3 3 2 3 2 	-2.607130
3 3 2 3 3 	-10.985334
3 3 3 0 0 	5.776788
3 3 3 0 1 	-1.202603
3 3 3 0 2 	-2.489366
3 3 3 0 3 	-3.479206
3 3 3 1 0 	2.107430
3 3 3 1 1 	-0.205390
3 3 3 1 2 	1.794812
3 3 3 1 3 	1.008581
3 3 3 2 0 	2.599356
3 3 3 2 1 	8.186801
3 3 3 2 2 	-4.863089
3 3 3 2 3 	-3.643499
3 3 3 3 0 	2.098540
3 3 3 3 1 	5.557006
3 3 3 3 2 	12.129619
3 3 3 3 3 	-4.324795

