5	1024
0 0 0 0 0 	-3.574354
0 0 0 0 1 	-4.532193
0 0 0 0 2 	-3.783593
0 0 0 0 3 	6.755928
0 0 0 1 0 	-3.544456
0 0 0 1 1 	-11.319960
0 0 0 1 2 	0.684282
0 0 0 1 3 	-2.330299
0 0 0 2 0 	0.692353
0 0 0 2 1 	-3.152616
0 0 0 2 2 	-25.435883
0 0 0 2 3 	22.382403
0 0 0 3 0 	-5.078021
0 0 0 3 1 	3.628399
0 0 0 3 2 	-1.080793
0 0 0 3 3 	1.864013
0 0 1 0 0 	-8.645798
0 0 1 0 1 	-2.287477
0 0 1 0 2 	0.267341
0 0 1 0 3 	4.738448
0 0 1 1 0 	5.883918
0 0 1 1 1 	20.173458
0 0 1 1 2 	12.807154
0 0 1 1 3 	10.050592
0 0 1 2 0 	2.354328
0 0 1 2 1 	2.288595
0 0 1 2 2 	-6.763244
0 0 1 2 3 	1.453370
0 0 1 3 0 	3.422559
0 0 1 3 1 	-4.884463
0 0 1 3 2 	-23.090630
0 0 1 3 3 	-6.086230
0 0 2 0 0 	2.012793
0 0 2 0 1 	2.292206
0 0 2 0 2 	6.124538
0 0 2 0 3 	-3.228197
0 0 2 1 0 	-6.973578
0 0 2 1 1 	9.665642
0 0 2 1 2 	5.968305
0 0 2 1 3 	-61.055237
0 0 2 2 0 	6.588108
0 0 2 2 1 	11.704915
0 0 2 2 2 	8.517385
0 0 2 2 3 	4.256027
0 0 2 3 0 	11.476821
0 0 2 3 1 	-7.625841
0 0 2 3 2 	1.577362
0 0 2 3 3 	-9.187920
0 0 3 0 0 	0.103169
0 0 3 0 1 	-15.135679
0 0 3 0 2 	3.206993
0 0 3 0 3 	-19.752418
0 0 3 1 0 	-1.581950
0 0 3 1 1 	9.609262
0 0 3 1 2 	5.693703
0 0 3 1 3 	-0.401763
0 0 3 2 0 	-5.471689
0 0 3 2 1 	3.430008
0 0 3 2 2 	-9.955473
0 0 3 2 3 	-2.479186
0 0 3 3 0 	-12.859449
0 0 3 3 1 	13.505959
0 0 3 3 2 	45.256714
0 0 3 3 3 	-3.704021
0 1 0 0 0 	7.514452
0 1 0 0 1 	11.214093
0 1 0 0 2 	2.796304
0 1 0 0 3 	-22.739577
0 1 0 1 0 	-5.535606
0 1 0 1 1 	6.098402
0 1 0 1 2 	11.203304
0 1 0 1 3 	0.699854
0 1 0 2 0 	4.488913
0 1 0 2 1 	-3.050463
0 1 0 2 2 	-6.265620
0 1 0 2 3 	-8.886085
0 1 0 3 0 	-0.506463
0 1 0 3 1 	2.580591
0 1 0 3 2 	-13.851501
0 1 0 3 3 	-0.651444
0 1 1 0 0 	-1.553869
0 1 1 0 1 	-1.580026
0 1 1 0 2 	47.384627
0 1 1 0 3 	6.474633
0 1 1 1 0 	5.656208
0 1 1 1 1 	-0.390825
0 1 1 1 2 	100.000000
0 1 1 1 3 	9.029406
0 1 1 2 0 	-5.121824
0 1 1 2 1 	-1.370371
0 1 1 2 2 	6.865623
0 1 1 2 3 	2.485099
0 1 1 3 0 	-14.788670
0 1 1 3 1 	-4.864603
0 1 1 3 2 	7.989621
0 1 1 3 3 	0.774930
0 1 2 0 0 	-0.675976
0 1 2 0 1 	-1.638444
0 1 2 0 2 	-8.339123
0 1 2 0 3 	-5.304631
0 1 2 1 0 	0.786510
0 1 2 1 1 	-9.797526
0 1 2 1 2 	4.685312
0 1 2 1 3 	1.776517
0 1 2 2 0 	3.994929
0 1 2 2 1 	10.343403
0 1 2 2 2 	-14.183691
0 1 2 2 3 	-1.627979
0 1 2 3 0 	5.858351
0 1 2 3 1 	-14.497946
0 1 2 3 2 	13.203088
0 1 2 3 3 	6.304421
0 1 3 0 0 	-3.474073
0 1 3 0 1 	1.655051
0 1 3 0 2 	3.465706
0 1 3 0 3 	4.592768
0 1 3 1 0 	-6.494360
0 1 3 1 1 	7.432051
0 1 3 1 2 	-85.722224
0 1 3 1 3 	3.494882
0 1 3 2 0 	3.607239
0 1 3 2 1 	-6.214311
0 1 3 2 2 	-14.320113
0 1 3 2 3 	-0.516483
0 1 3 3 0 	-2.475335
0 1 3 3 1 	41.425959
0 1 3 3 2 	-4.232294
0 1 3 3 3 	0.921725
0 2 0 0 0 	-10.803408
0 2 0 0 1 	7.612935
0 2 0 0 2 	-4.971694
0 2 0 0 3 	4.761911
0 2 0 1 0 	-19.961952
0 2 0 1 1 	11.146239
0 2 0 1 2 	20.590447
0 2 0 1 3 	0.727032
0 2 0 2 0 	-0.307080
0 2 0 2 1 	0.995384
0 2 0 2 2 	6.929339
0 2 0 2 3 	-2.314007
0 2 0 3 0 	-12.661755
0 2 0 3 1 	4.003814
0 2 0 3 2 	-13.181813
0 2 0 3 3 	-3.172315
0 2 1 0 0 	-6.417614
0 2 1 0 1 	2.766491
0 2 1 0 2 	-1.157986
0 2 1 0 3 	-2.640650
0 2 1 1 0 	6.857542
0 2 1 1 1 	1.705771
0 2 1 1 2 	4.336946
0 2 1 1 3 	4.840598
0 2 1 2 0 	-4.191156
0 2 1 2 1 	-5.833327
0 2 1 2 2 	-2.259770
0 2 1 2 3 	-7.740432
0 2 1 3 0 	3.575943
0 2 1 3 1 	-0.595717
0 2 1 3 2 	-5.186924
0 2 1 3 3 	2.392496
0 2 2 0 0 	16.825998
0 2 2 0 1 	-2.355946
0 2 2 0 2 	-4.981360
0 2 2 0 3 	12.195394
0 2 2 1 0 	-0.071985
0 2 2 1 1 	0.696617
0 2 2 1 2 	-0.773464
0 2 2 1 3 	-12.731757
0 2 2 2 0 	-2.907191
0 2 2 2 1 	-6.331378
0 2 2 2 2 	-12.494495
0 2 2 2 3 	3.269244
0 2 2 3 0 	1.618885
0 2 2 3 1 	0.017103
0 2 2 3 2 	1.128286
0 2 2 3 3 	4.912330
0 2 3 0 0 	3.522509
0 2 3 0 1 	-4.391696
0 2 3 0 2 	-6.830927
0 2 3 0 3 	6.138131
0 2 3 1 0 	-10.158662
0 2 3 1 1 	-1.360597
0 2 3 1 2 	7.204342
0 2 3 1 3 	-1.765675
0 2 3 2 0 	-7.424983
0 2 3 2 1 	4.649578
0 2 3 2 2 	-10.406090
0 2 3 2 3 	-3.941005
0 2 3 3 0 	6.267181
0 2 3 3 1 	2.058682
0 2 3 3 2 	5.688883
0 2 3 3 3 	-1.656196
0 3 0 0 0 	-5.098077
0 3 0 0 1 	-6.231316
0 3 0 0 2 	2.754317
0 3 0 0 3 	-4.813422
0 3 0 1 0 	-14.713119
0 3 0 1 1 	11.895787
0 3 0 1 2 	6.258162
0 3 0 1 3 	-2.713901
0 3 0 2 0 	-2.264424
0 3 0 2 1 	12.306018
0 3 0 2 2 	3.018744
0 3 0 2 3 	2.684308
0 3 0 3 0 	-4.707954
0 3 0 3 1 	-4.062125
0 3 0 3 2 	-0.311249
0 3 0 3 3 	-1.150159
0 3 1 0 0 	-3.132645
0 3 1 0 1 	22.834447
0 3 1 0 2 	-2.036777
0 3 1 0 3 	-9.186643
0 3 1 1 0 	7.760783
0 3 1 1 1 	5.167542
0 3 1 1 2 	-2.497108
0 3 1 1 3 	5.665404
0 3 1 2 0 	0.340777
0 3 1 2 1 	0.442205
0 3 1 2 2 	1.200723
0 3 1 2 3 	24.177214
0 3 1 3 0 	6.345492
0 3 1 3 1 	-4.198460
0 3 1 3 2 	0.797700
0 3 1 3 3 	5.310804
0 3 2 0 0 	3.670155
0 3 2 0 1 	3.558613
0 3 2 0 2 	10.461058
0 3 2 0 3 	-1.619020
0 3 2 1 0 	-7.704872
0 3 2 1 1 	13.447877
0 3 2 1 2 	-3.598619
0 3 2 1 3 	-0.708487
0 3 2 2 0 	-2.642674
0 3 2 2 1 	12.577376
0 3 2 2 2 	0.314670
0 3 2 2 3 	-3.583742
0 3 2 3 0 	-1.526451
0 3 2 3 1 	-2.983515
0 3 2 3 2 	-7.771328
0 3 2 3 3 	-4.090367
0 3 3 0 0 	-3.635201
0 3 3 0 1 	2.959262
0 3 3 0 2 	4.077171
0 3 3 0 3 	-0.704034
0 3 3 1 0 	24.933939
0 3 3 1 1 	-6.094732
0 3 3 1 2 	-4.714016
0 3 3 1 3 	-1.244060
0 3 3 2 0 	-0.103022
0 3 3 2 1 	-4.356437
0 3 3 2 2 	1.231562
0 3 3 2 3 	3.804349
0 3 3 3 0 	-1.811637
0 3 3 3 1 	1.451899
0 3 3 3 2 	-5.186759
0 3 3 3 3 	-7.339870
1 0 0 0 0 	-2.974074
1 0 0 0 1 	6.332175
1 0 0 0 2 	-35.383031
1 0 0 0 3 	-3.505962
1 0 0 1 0 	-7.621879
1 0 0 1 1 	-2.859854
1 0 0 1 2 	-6.781550
1 0 0 1 3 	12.153209
1 0 0 2 0 	2.659037
1 0 0 2 1 	0.280301
1 0 0 2 2 	-17.280892
1 0 0 2 3 	7.070444
1 0 0 3 0 	2.682956
1 0 0 3 1 	-6.919900
1 0 0 3 2 	-7.997119
1 0 0 3 3 	4.513737
1 0 1 0 0 	1.626755
1 0 1 0 1 	-2.426043
1 0 1 0 2 	-6.290052
1 0 1 0 3 	-1.380847
1 0 1 1 0 	2.665358
1 0 1 1 1 	8.106225
1 0 1 1 2 	88.370350
1 0 1 1 3 	-6.460050
1 0 1 2 0 	-3.311338
1 0 1 2 1 	0.952069
1 0 1 2 2 	-7.394573
1 0 1 2 3 	0.278823
1 0 1 3 0 	-3.079748
1 0 1 3 1 	-1.528967
1 0 1 3 2 	-2.612682
1 0 1 3 3 	1.449833
1 0 2 0 0 	0.128596
1 0 2 0 1 	-14.220037
1 0 2 0 2 	6.420684
1 0 2 0 3 	-2.549666
1 0 2 1 0 	1.923268
1 0 2 1 1 	7.270170
1 0 2 1 2 	-5.021806
1 0 2 1 3 	13.292256
1 0 2 2 0 	-5.403052
1 0 2 2 1 	-4.845233
1 0 2 2 2 	5.219021
1 0 2 2 3 	-21.067848
1 0 2 3 0 	6.192666
1 0 2 3 1 	-5.739280
1 0 2 3 2 	6.502508
1 0 2 3 3 	-2.837331
1 0 3 0 0 	4.961214
1 0 3 0 1 	-3.885133
1 0 3 0 2 	-8.349853
1 0 3 0 3 	18.247456
1 0 3 1 0 	88.690476
1 0 3 1 1 	-0.210680
1 0 3 1 2 	-0.615640
1 0 3 1 3 	8.649688
1 0 3 2 0 	-3.151267
1 0 3 2 1 	4.470017
1 0 3 2 2 	-41.760474
1 0 3 2 3 	6.001199
1 0 3 3 0 	-3.475015
1 0 3 3 1 	10.535765
1 0 3 3 2 	6.773980
1 0 3 3 3 	-1.040264
1 1 0 0 0 	8.830776
1 1 0 0 1 	-19.410250
1 1 0 0 2 	0.951165
1 1 0 0 3 	5.503157
1 1 0 1 0 	17.347316
1 1 0 1 1 	-9.080876
1 1 0 1 2 	-2.405772
1 1 0 1 3 	20.795048
1 1 0 2 0 	-3.174379
1 1 0 2 1 	-3.142509
1 1 0 2 2 	-12.027312
1 1 0 2 3 	4.200307
1 1 0 3 0 	-7.017039
1 1 0 3 1 	-4.063515
1 1 0 3 2 	2.945277
1 1 0 3 3 	-3.192987
1 1 1 0 0 	3.507935
1 1 1 0 1 	38.563564
1 1 1 0 2 	3.026461
1 1 1 0 3 	60.282793
1 1 1 1 0 	81.260905
1 1 1 1 1 	-0.341083
1 1 1 1 2 	20.777023
1 1 1 1 3 	14.882053
1 1 1 2 0 	53.100601
1 1 1 2 1 	16.106198
1 1 1 2 2 	19.418349
1 1 1 2 3 	41.384857
1 1 1 3 0 	-27.793047
1 1 1 3 1 	-14.974636
1 1 1 3 2 	-0.508556
1 1 1 3 3 	6.449050
1 1 2 0 0 	2.852070
1 1 2 0 1 	10.193649
1 1 2 0 2 	16.821371
1 1 2 0 3 	-1.320585
1 1 2 1 0 	0.701134
1 1 2 1 1 	-4.978324
1 1 2 1 2 	-48.397005
1 1 2 1 3 	-1.028533
1 1 2 2 0 	0.090038
1 1 2 2 1 	-3.782327
1 1 2 2 2 	-2.549465
1 1 2 2 3 	27.410348
1 1 2 3 0 	64.786019
1 1 2 3 1 	2.094067
1 1 2 3 2 	3.881460
1 1 2 3 3 	-4.396979
1 1 3 0 0 	-100.000000
1 1 3 0 1 	1.720118
1 1 3 0 2 	-1.559505
1 1 3 0 3 	-6.182920
1 1 3 1 0 	5.051178
1 1 3 1 1 	-11.600088
1 1 3 1 2 	16.348127
1 1 3 1 3 	1.921973
1 1 3 2 0 	-4.478049
1 1 3 2 1 	-17.924341
1 1 3 2 2 	1.860989
1 1 3 2 3 	-0.683030
1 1 3 3 0 	4.530181
1 1 3 3 1 	3.353738
1 1 3 3 2 	13.001163
1 1 3 3 3 	0.830471
1 2 0 0 0 	-15.908508
1 2 0 0 1 	-0.910693
1 2 0 0 2 	6.933937
1 2 0 0 3 	2.736908
1 2 0 1 0 	-13.439217
1 2 0 1 1 	-1.623657
1 2 0 1 2 	3.798155
1 2 0 1 3 	-14.624030
1 2 0 2 0 	3.867149
1 2 0 2 1 	-14.342125
1 2 0 2 2 	-6.897423
1 2 0 2 3 	-5.816982
1 2 0 3 0 	-89.925897
1 2 0 3 1 	-1.862357
1 2 0 3 2 	7.901764
1 2 0 3 3 	-2.020319
1 2 1 0 0 	3.168852
1 2 1 0 1 	-4.395898
1 2 1 0 2 	-15.700308
1 2 1 0 3 	2.453141
1 2 1 1 0 	-77.958544
1 2 1 1 1 	-36.194440
1 2 1 1 2 	-5.125567
1 2 1 1 3 	-24.836960
1 2 1 2 0 	-5.069404
1 2 1 2 1 	8.839390
1 2 1 2 2 	0.948420
1 2 1 2 3 	1.237608
1 2 1 3 0 	9.467775
1 2 1 3 1 	0.135186
1 2 1 3 2 	-1.924736
1 2 1 3 3 	1.813309
1 2 2 0 0 	-3.417326
1 2 2 0 1 	-4.037542
1 2 2 0 2 	4.462387
1 2 2 0 3 	1.934263
1 2 2 1 0 	-21.919186
1 2 2 1 1 	-5.297962
1 2 2 1 2 	-5.651967
1 2 2 1 3 	-6.788426
1 2 2 2 0 	-3.917626
1 2 2 2 1 	-47.693718
1 2 2 2 2 	1.623645
1 2 2 2 3 	-13.960800
1 2 2 3 0 	-2.553383
1 2 2 3 1 	3.982935
1 2 2 3 2 	-3.422708
1 2 2 3 3 	-3.907996
1 2 3 0 0 	-5.446610
1 2 3 0 1 	0.832542
1 2 3 0 2 	8.836377
1 2 3 0 3 	-63.643191
1 2 3 1 0 	-2.882871
1 2 3 1 1 	2.057889
1 2 3 1 2 	-1.949509
1 2 3 1 3 	1.582836
1 2 3 2 0 	1.809326
1 2 3 2 1 	-12.785824
1 2 3 2 2 	5.008370
1 2 3 2 3 	-2.961942
1 2 3 3 0 	-2.008690
1 2 3 3 1 	-3.484488
1 2 3 3 2 	1.074454
1 2 3 3 3 	-25.155505
1 3 0 0 0 	-14.365098
1 3 0 0 1 	-6.262369
1 3 0 0 2 	6.767208
1 3 0 0 3 	-13.194732
1 3 0 1 0 	-1.809187
1 3 0 1 1 	2.884225
1 3 0 1 2 	31.291818
1 3 0 1 3 	2.903260
1 3 0 2 0 	-93.664463
1 3 0 2 1 	-3.671916
1 3 0 2 2 	-1.107064
1 3 0 2 3 	-1.305252
1 3 0 3 0 	2.680793
1 3 0 3 1 	-20.369466
1 3 0 3 2 	-5.348262
1 3 0 3 3 	-6.986880
1 3 1 0 0 	0.835653
1 3 1 0 1 	3.861430
1 3 1 0 2 	-3.534458
1 3 1 0 3 	-1.856480
1 3 1 1 0 	2.278068
1 3 1 1 1 	0.126583
1 3 1 1 2 	-0.994594
1 3 1 1 3 	-11.295253
1 3 1 2 0 	-46.038942
1 3 1 2 1 	-1.810935
1 3 1 2 2 	6.962281
1 3 1 2 3 	-5.076709
1 3 1 3 0 	6.199960
1 3 1 3 1 	3.553833
1 3 1 3 2 	4.493109
1 3 1 3 3 	3.519473
1 3 2 0 0 	4.007659
1 3 2 0 1 	0.288334
1 3 2 0 2 	-3.885962
1 3 2 0 3 	4.179706
1 3 2 1 0 	-3.982949
1 3 2 1 1 	-5.805469
1 3 2 1 2 	-10.048166
1 3 2 1 3 	-5.497561
1 3 2 2 0 	-3.894013
1 3 2 2 1 	9.759260
1 3 2 2 2 	-1.581083
1 3 2 2 3 	-0.141455
1 3 2 3 0 	-25.405343
1 3 2 3 1 	3.699172
1 3 2 3 2 	-3.651731
1 3 2 3 3 	3.601375
1 3 3 0 0 	-5.071378
1 3 3 0 1 	0.422014
1 3 3 0 2 	-3.555449
1 3 3 0 3 	1.276650
1 3 3 1 0 	3.685227
1 3 3 1 1 	-0.767980
1 3 3 1 2 	-0.661154
1 3 3 1 3 	11.871560
1 3 3 2 0 	11.156660
1 3 3 2 1 	1.416188
1 3 3 2 2 	-5.633325
1 3 3 2 3 	-10.459070
1 3 3 3 0 	-4.372748
1 3 3 3 1 	-12.399487
1 3 3 3 2 	-19.869081
1 3 3 3 3 	-0.790526
2 0 0 0 0 	5.962888
2 0 0 0 1 	17.291395
2 0 0 0 2 	9.263548
2 0 0 0 3 	-16.695553
2 0 0 1 0 	0.561114
2 0 0 1 1 	10.417160
2 0 0 1 2 	6.565795
2 0 0 1 3 	-7.147788
2 0 0 2 0 	2.712376
2 0 0 2 1 	4.856280
2 0 0 2 2 	-8.561423
2 0 0 2 3 	-9.230119
2 0 0 3 0 	-2.524068
2 0 0 3 1 	2.825553
2 0 0 3 2 	-4.249277
2 0 0 3 3 	2.931003
2 0 1 0 0 	-0.192259
2 0 1 0 1 	-2.258818
2 0 1 0 2 	1.656870
2 0 1 0 3 	5.783756
2 0 1 1 0 	-3.635276
2 0 1 1 1 	0.054323
2 0 1 1 2 	-3.400467
2 0 1 1 3 	-3.100539
2 0 1 2 0 	1.540736
2 0 1 2 1 	1.332564
2 0 1 2 2 	3.033110
2 0 1 2 3 	-16.147861
2 0 1 3 0 	-7.016806
2 0 1 3 1 	-3.044890
2 0 1 3 2 	-5.266272
2 0 1 3 3 	10.397506
2 0 2 0 0 	-10.697664
2 0 2 0 1 	-3.242942
2 0 2 0 2 	5.740103
2 0 2 0 3 	5.914697
2 0 2 1 0 	4.921190
2 0 2 1 1 	-35.845566
2 0 2 1 2 	-0.152069
2 0 2 1 3 	-1.292731
2 0 2 2 0 	2.432484
2 0 2 2 1 	-24.341113
2 0 2 2 2 	5.976866
2 0 2 2 3 	-33.713488
2 0 2 3 0 	-2.119015
2 0 2 3 1 	8.123898
2 0 2 3 2 	-3.843130
2 0 2 3 3 	3.080542
2 0 3 0 0 	3.242874
2 0 3 0 1 	9.369017
2 0 3 0 2 	0.863153
2 0 3 0 3 	2.239413
2 0 3 1 0 	-2.462017
2 0 3 1 1 	8.696819
2 0 3 1 2 	3.269663
2 0 3 1 3 	-0.591922
2 0 3 2 0 	-12.009479
2 0 3 2 1 	-3.500181
2 0 3 2 2 	-0.267539
2 0 3 2 3 	82.039651
2 0 3 3 0 	-3.839012
2 0 3 3 1 	-7.457649
2 0 3 3 2 	-11.660587
2 0 3 3 3 	6.020598
2 1 0 0 0 	-2.043781
2 1 0 0 1 	2.748014
2 1 0 0 2 	-3.330891
2 1 0 0 3 	3.114785
2 1 0 1 0 	-5.947072
2 1 0 1 1 	-13.883754
2 1 0 1 2 	-67.285623
2 1 0 1 3 	2.617419
2 1 0 2 0 	2.513235
2 1 0 2 1 	1.269870
2 1 0 2 2 	-5.780456
2 1 0 2 3 	-1.659053
2 1 0 3 0 	-1.690741
2 1 0 3 1 	3.425182
2 1 0 3 2 	-3.866445
2 1 0 3 3 	6.077054
2 1 1 0 0 	3.472613
2 1 1 0 1 	-7.577595
2 1 1 0 2 	3.610809
2 1 1 0 3 	-33.220007
2 1 1 1 0 	3.115975
2 1 1 1 1 	6.476767
2 1 1 1 2 	-10.614320
2 1 1 1 3 	-5.552986
2 1 1 2 0 	2.752530
2 1 1 2 1 	-8.788252
2 1 1 2 2 	12.325484
2 1 1 2 3 	3.709862
2 1 1 3 0 	-8.569869
2 1 1 3 1 	6.999932
2 1 1 3 2 	3.542329
2 1 1 3 3 	-2.985606
2 1 2 0 0 	-2.836748
2 1 2 0 1 	-29.779565
2 1 2 0 2 	-0.357094
2 1 2 0 3 	-3.558655
2 1 2 1 0 	-4.210523
2 1 2 1 1 	-0.647096
2 1 2 1 2 	-8.385427
2 1 2 1 3 	-3.989633
2 1 2 2 0 	-4.886565
2 1 2 2 1 	-3.318353
2 1 2 2 2 	-2.841787
2 1 2 2 3 	-32.976335
2 1 2 3 0 	-9.549872
2 1 2 3 1 	-9.683807
2 1 2 3 2 	-13.339448
2 1 2 3 3 	4.458185
2 1 3 0 0 	0.293032
2 1 3 0 1 	-3.925748
2 1 3 0 2 	15.294542
2 1 3 0 3 	4.965560
2 1 3 1 0 	0.465370
2 1 3 1 1 	-2.005378
2 1 3 1 2 	10.059305
2 1 3 1 3 	-11.392407
2 1 3 2 0 	-25.923183
2 1 3 2 1 	-11.474830
2 1 3 2 2 	1.172964
2 1 3 2 3 	2.168033
2 1 3 3 0 	2.139756
2 1 3 3 1 	-2.646583
2 1 3 3 2 	0.486076
2 1 3 3 3 	0.848992
2 2 0 0 0 	10.580616
2 2 0 0 1 	-28.361995
2 2 0 0 2 	-0.133324
2 2 0 0 3 	0.939877
2 2 0 1 0 	3.581011
2 2 0 1 1 	-3.716261
2 2 0 1 2 	-7.488747
2 2 0 1 3 	0.000179
2 2 0 2 0 	20.516887
2 2 0 2 1 	-1.088839
2 2 0 2 2 	6.407495
2 2 0 2 3 	-9.079104
2 2 0 3 0 	6.948703
2 2 0 3 1 	75.009837
2 2 0 3 2 	-1.742396
2 2 0 3 3 	-2.397922
2 2 1 0 0 	-2.657735
2 2 1 0 1 	2.436952
2 2 1 0 2 	-7.086703
2 2 1 0 3 	4.606095
2 2 1 1 0 	-7.463262
2 2 1 1 1 	-5.961635
2 2 1 1 2 	2.237711
2 2 1 1 3 	-7.112991
2 2 1 2 0 	2.904892
2 2 1 2 1 	-1.318975
2 2 1 2 2 	-3.628387
2 2 1 2 3 	-2.668868
2 2 1 3 0 	93.936322
2 2 1 3 1 	-1.619111
2 2 1 3 2 	5.176341
2 2 1 3 3 	-2.664473
2 2 2 0 0 	65.836567
2 2 2 0 1 	41.388284
2 2 2 0 2 	3.171869
2 2 2 0 3 	-13.351878
2 2 2 1 0 	63.107613
2 2 2 1 1 	33.713934
2 2 2 1 2 	92.342819
2 2 2 1 3 	3.922202
2 2 2 2 0 	5.766960
2 2 2 2 1 	100.000000
2 2 2 2 2 	-1.923131
2 2 2 2 3 	68.952523
2 2 2 3 0 	20.951925
2 2 2 3 1 	10.987123
2 2 2 3 2 	1.147984
2 2 2 3 3 	14.532190
2 2 3 0 0 	-4.072055
2 2 3 0 1 	18.423775
2 2 3 0 2 	4.801130
2 2 3 0 3 	15.587577
2 2 3 1 0 	-6.216377
2 2 3 1 1 	8.754663
2 2 3 1 2 	0.807419
2 2 3 1 3 	10.318671
2 2 3 2 0 	2.577271
2 2 3 2 1 	-3.927077
2 2 3 2 2 	-4.225127
2 2 3 2 3 	20.910021
2 2 3 3 0 	0.251267
2 2 3 3 1 	2.249328
2 2 3 3 2 	3.089573
2 2 3 3 3 	-17.806604
2 3 0 0 0 	-4.570081
2 3 0 0 1 	6.192552
2 3 0 0 2 	2.574799
2 3 0 0 3 	-1.273905
2 3 0 1 0 	-6.681043
2 3 0 1 1 	1.807025
2 3 0 1 2 	4.531795
2 3 0 1 3 	-0.627390
2 3 0 2 0 	3.144061
2 3 0 2 1 	11.867268
2 3 0 2 2 	-4.657926
2 3 0 2 3 	-10.206818
2 3 0 3 0 	7.443759
2 3 0 3 1 	-11.963293
2 3 0 3 2 	-4.118178
2 3 0 3 3 	-79.002354
2 3 1 0 0 	-4.274431
2 3 1 0 1 	-3.178839
2 3 1 0 2 	-76.250056
2 3 1 0 3 	4.747509
2 3 1 1 0 	83.274147
2 3 1 1 1 	1.211213
2 3 1 1 2 	-33.642790
2 3 1 1 3 	-1.354910
2 3 1 2 0 	-6.286741
2 3 1 2 1 	1.304148
2 3 1 2 2 	22.816377
2 3 1 2 3 	-2.281762
2 3 1 3 0 	-5.252758
2 3 1 3 1 	-38.715210
2 3 1 3 2 	-3.286649
2 3 1 3 3 	-8.791658
2 3 2 0 0 	3.333382
2 3 2 0 1 	5.891580
2 3 2 0 2 	2.736085
2 3 2 0 3 	11.314337
2 3 2 1 0 	-0.924315
2 3 2 1 1 	1.026076
2 3 2 1 2 	6.757037
2 3 2 1 3 	0.116346
2 3 2 2 0 	2.199830
2 3 2 2 1 	-15.331212
2 3 2 2 2 	-4.353189
2 3 2 2 3 	-5.099852
2 3 2 3 0 	-3.427536
2 3 2 3 1 	-6.056431
2 3 2 3 2 	15.499363
2 3 2 3 3 	2.008080
2 3 3 0 0 	4.296678
2 3 3 0 1 	4.837415
2 3 3 0 2 	-1.001799
2 3 3 0 3 	-1.595923
2 3 3 1 0 	-4.087829
2 3 3 1 1 	2.707896
2 3 3 1 2 	-13.489220
2 3 3 1 3 	0.729629
2 3 3 2 0 	-1.319344
2 3 3 2 1 	2.518893
2 3 3 2 2 	0.210765
2 3 3 2 3 	1.975477
2 3 3 3 0 	-2.678719
2 3 3 3 1 	-5.647566
2 3 3 3 2 	-9.498821
2 3 3 3 3 	-1.629133
3 0 0 0 0 	7.728306
3 0 0 0 1 	-10.587455
3 0 0 0 2 	0.885072
3 0 0 0 3 	-6.487621
3 0 0 1 0 	-5.312929
3 0 0 1 1 	0.756836
3 0 0 1 2 	-32.243708
3 0 0 1 3 	-8.685577
3 0 0 2 0 	0.165830
3 0 0 2 1 	-72.609207
3 0 0 2 2 	23.731943
3 0 0 2 3 	2.869686
3 0 0 3 0 	2.855635
3 0 0 3 1 	-18.007141
3 0 0 3 2 	-27.863334
3 0 0 3 3 	4.458485
3 0 1 0 0 	-12.410268
3 0 1 0 1 	-1.645115
3 0 1 0 2 	1.318164
3 0 1 0 3 	4.597425
3 0 1 1 0 	-11.237472
3 0 1 1 1 	12.447541
3 0 1 1 2 	2.114875
3 0 1 1 3 	3.642430
3 0 1 2 0 	-6.198614
3 0 1 2 1 	0.291683
3 0 1 2 2 	10.809543
3 0 1 2 3 	33.691919
3 0 1 3 0 	2.013361
3 0 1 3 1 	17.975326
3 0 1 3 2 	9.992564
3 0 1 3 3 	-7.078015
3 0 2 0 0 	-5.097512
3 0 2 0 1 	1.010666
3 0 2 0 2 	-7.606139
3 0 2 0 3 	-20.246437
3 0 2 1 0 	-4.906526
3 0 2 1 1 	-3.695723
3 0 2 1 2 	-1.392530
3 0 2 1 3 	-7.020502
3 0 2 2 0 	2.850900
3 0 2 2 1 	-10.290220
3 0 2 2 2 	-3.516309
3 0 2 2 3 	-81.926065
3 0 2 3 0 	-5.993716
3 0 2 3 1 	7.744597
3 0 2 3 2 	-25.695631
3 0 2 3 3 	-2.267629
3 0 3 0 0 	-4.351064
3 0 3 0 1 	-0.919386
3 0 3 0 2 	-2.220328
3 0 3 0 3 	-2.642649
3 0 3 1 0 	-0.882730
3 0 3 1 1 	-0.395764
3 0 3 1 2 	-16.589799
3 0 3 1 3 	-9.634723
3 0 3 2 0 	-1.528143
3 0 3 2 1 	1.068958
3 0 3 2 2 	-14.699894
3 0 3 2 3 	-1.159944
3 0 3 3 0 	-2.181917
3 0 3 3 1 	22.627345
3 0 3 3 2 	-3.558317
3 0 3 3 3 	-1.573041
3 1 0 0 0 	-3.744495
3 1 0 0 1 	3.874973
3 1 0 0 2 	0.952435
3 1 0 0 3 	-0.902959
3 1 0 1 0 	7.845634
3 1 0 1 1 	0.623987
3 1 0 1 2 	4.790866
3 1 0 1 3 	-7.744906
3 1 0 2 0 	3.344620
3 1 0 2 1 	-7.611377
3 1 0 2 2 	-2.835079
3 1 0 2 3 	-1.921885
3 1 0 3 0 	-12.843940
3 1 0 3 1 	-2.804455
3 1 0 3 2 	5.790438
3 1 0 3 3 	-12.501008
3 1 1 0 0 	0.161891
3 1 1 0 1 	5.633348
3 1 1 0 2 	4.146712
3 1 1 0 3 	2.795985
3 1 1 1 0 	3.575647
3 1 1 1 1 	-32.266033
3 1 1 1 2 	-2.717546
3 1 1 1 3 	2.544929
3 1 1 2 0 	1.331366
3 1 1 2 1 	5.824786
3 1 1 2 2 	-3.046385
3 1 1 2 3 	17.295332
3 1 1 3 0 	4.749962
3 1 1 3 1 	6.560954
3 1 1 3 2 	0.384418
3 1 1 3 3 	-12.125771
3 1 2 0 0 	0.394023
3 1 2 0 1 	0.520171
3 1 2 0 2 	3.383547
3 1 2 0 3 	9.100491
3 1 2 1 0 	7.482542
3 1 2 1 1 	5.021168
3 1 2 1 2 	-3.717010
3 1 2 1 3 	-0.610644
3 1 2 2 0 	-0.937267
3 1 2 2 1 	-2.676605
3 1 2 2 2 	6.264309
3 1 2 2 3 	52.390672
3 1 2 3 0 	-3.081502
3 1 2 3 1 	3.922455
3 1 2 3 2 	-7.186880
3 1 2 3 3 	-7.125508
3 1 3 0 0 	3.088168
3 1 3 0 1 	0.348604
3 1 3 0 2 	-1.816100
3 1 3 0 3 	-10.461276
3 1 3 1 0 	-5.456275
3 1 3 1 1 	4.839739
3 1 3 1 2 	-3.514591
3 1 3 1 3 	16.789287
3 1 3 2 0 	2.129412
3 1 3 2 1 	-12.395148
3 1 3 2 2 	1.678559
3 1 3 2 3 	-11.646448
3 1 3 3 0 	2.904341
3 1 3 3 1 	11.792859
3 1 3 3 2 	-3.085547
3 1 3 3 3 	-1.245992
3 2 0 0 0 	-16.843763
3 2 0 0 1 	-3.433710
3 2 0 0 2 	-14.584707
3 2 0 0 3 	-77.226575
3 2 0 1 0 	-27.027372
3 2 0 1 1 	-4.463828
3 2 0 1 2 	-2.056960
3 2 0 1 3 	3.563775
3 2 0 2 0 	2.462764
3 2 0 2 1 	0.586559
3 2 0 2 2 	6.006477
3 2 0 2 3 	1.487548
3 2 0 3 0 	-1.788995
3 2 0 3 1 	-3.327673
3 2 0 3 2 	2.028138
3 2 0 3 3 	-1.021860
3 2 1 0 0 	-1.177886
3 2 1 0 1 	7.106796
3 2 1 0 2 	8.396295
3 2 1 0 3 	-23.750441
3 2 1 1 0 	7.834421
3 2 1 1 1 	-3.799995
3 2 1 1 2 	3.064697
3 2 1 1 3 	-1.832059
3 2 1 2 0 	-5.706657
3 2 1 2 1 	-13.301649
3 2 1 2 2 	-0.003453
3 2 1 2 3 	-1.004870
3 2 1 3 0 	-9.477314
3 2 1 3 1 	-3.601479
3 2 1 3 2 	-5.516601
3 2 1 3 3 	-2.946555
3 2 2 0 0 	5.802660
3 2 2 0 1 	10.134831
3 2 2 0 2 	-5.746367
3 2 2 0 3 	0.959711
3 2 2 1 0 	0.353482
3 2 2 1 1 	-7.436822
3 2 2 1 2 	-2.978091
3 2 2 1 3 	9.731752
3 2 2 2 0 	3.882156
3 2 2 2 1 	-3.784227
3 2 2 2 2 	25.971121
3 2 2 2 3 	-5.125371
3 2 2 3 0 	-6.857357
3 2 2 3 1 	-2.966482
3 2 2 3 2 	2.421699
3 2 2 3 3 	-2.710181
3 2 3 0 0 	5.404687
3 2 3 0 1 	-3.519329
3 2 3 0 2 	-6.766943
3 2 3 0 3 	-5.564117
3 2 3 1 0 	-0.603235
3 2 3 1 1 	-12.396092
3 2 3 1 2 	-6.344539
3 2 3 1 3 	-7.134823
3 2 3 2 0 	-4.228802
3 2 3 2 1 	1.321682
3 2 3 2 2 	-11.891553
3 2 3 2 3 	2.758281
3 2 3 3 0 	-7.557938
3 2 3 3 1 	-21.751610
3 2 3 3 2 	-28.573235
3 2 3 3 3 	-13.993807
3 3 0 0 0 	-5.472426
3 3 0 0 1 	33.520059
3 3 0 0 2 	-4.842148
3 3 0 0 3 	-1.955242
3 3 0 1 0 	4.304423
3 3 0 1 1 	3.359068
3 3 0 1 2 	1.819307
3 3 0 1 3 	-22.775857
3 3 0 2 0 	2.584658
3 3 0 2 1 	-10.048124
3 3 0 2 2 	2.454106
3 3 0 2 3 	-3.546927
3 3 0 3 0 	4.245084
3 3 0 3 1 	-4.090881
3 3 0 3 2 	3.305468
3 3 0 3 3 	-10.141242
3 3 1 0 0 	12.530292
3 3 1 0 1 	-12.552512
3 3 1 0 2 	0.348032
3 3 1 0 3 	-57.529141
3 3 1 1 0 	-35.277913
3 3 1 1 1 	-3.747028
3 3 1 1 2 	2.183212
3 3 1 1 3 	0.087633
3 3 1 2 0 	-2.377082
3 3 1 2 1 	-39.508763
3 3 1 2 2 	-4.745801
3 3 1 2 3 	-14.113353
3 3 1 3 0 	-20.815941
3 3 1 3 1 	8.203455
3 3 1 3 2 	4.514599
3 3 1 3 3 	-3.416452
3 3 2 0 0 	3.186177
3 3 2 0 1 	-3.885543
3 3 2 0 2 	1.011049
3 3 2 0 3 	-1.078601
3 3 2 1 0 	1.360135
3 3 2 1 1 	0.656134
3 3 2 1 2 	5.380933
3 3 2 1 3 	5.956320
3 3 2 2 0 	14.480336
3 3 2 2 1 	-5.403664
3 3 2 2 2 	-4.237286
3 3 2 2 3 	-4.231656
3 3 2 3 0 	-5.901133
3 3 2 3 1 	-9.005922
3 3 2 3 2 	-7.513507
3 3 2 3 3 	-1.647644
3 3 3 0 0 	-2.596160
3 3 3 0 1 	-13.394529
3 3 3 0 2 	-8.513512
3 3 3 0 3 	-21.726587
3 3 3 1 0 	2.046558
3 3 3 1 1 	-1.674911
3 3 3 1 2 	-1.936193
3 3 3 1 3 	-0.053916
3 3 3 2 0 	62.847616
3 3 3 2 1 	-6.110351
3 3 3 2 2 	-3.712629
3 3 3 2 3 	3.265656
3 3 3 3 0 	-26.187022
3 3 3 3 1 	-10.862581
3 3 3 3 2 	9.051886
3 3 3 3 3 	-19.811440

