5	1024
0 0 0 0 0 	1.804286
0 0 0 0 1 	-2.520809
0 0 0 0 2 	-3.335684
0 0 0 0 3 	6.237765
0 0 0 1 0 	-2.107799
0 0 0 1 1 	-11.743647
0 0 0 1 2 	-2.225232
0 0 0 1 3 	16.334539
0 0 0 2 0 	4.354084
0 0 0 2 1 	-2.834291
0 0 0 2 2 	-2.365798
0 0 0 2 3 	0.891273
0 0 0 3 0 	4.212377
0 0 0 3 1 	3.062693
0 0 0 3 2 	-1.848996
0 0 0 3 3 	-1.366382
0 0 1 0 0 	5.878820
0 0 1 0 1 	7.356805
0 0 1 0 2 	-0.788641
0 0 1 0 3 	0.201689
0 0 1 1 0 	3.683395
0 0 1 1 1 	4.946824
0 0 1 1 2 	2.459508
0 0 1 1 3 	-3.520816
0 0 1 2 0 	-1.499535
0 0 1 2 1 	-0.667361
0 0 1 2 2 	5.123393
0 0 1 2 3 	-2.031953
0 0 1 3 0 	-3.877561
0 0 1 3 1 	-4.059271
0 0 1 3 2 	-9.525422
0 0 1 3 3 	-2.436168
0 0 2 0 0 	2.234036
0 0 2 0 1 	0.527139
0 0 2 0 2 	-1.060096
0 0 2 0 3 	-4.094306
0 0 2 1 0 	-2.279703
0 0 2 1 1 	1.076762
0 0 2 1 2 	0.703516
0 0 2 1 3 	-5.092269
0 0 2 2 0 	0.662835
0 0 2 2 1 	-20.233916
0 0 2 2 2 	-0.676278
0 0 2 2 3 	-11.075194
0 0 2 3 0 	-0.887366
0 0 2 3 1 	-0.134854
0 0 2 3 2 	5.556094
0 0 2 3 3 	4.809155
0 0 3 0 0 	3.264037
0 0 3 0 1 	3.286095
0 0 3 0 2 	5.789301
0 0 3 0 3 	-8.515062
0 0 3 1 0 	-4.859813
0 0 3 1 1 	7.463832
0 0 3 1 2 	-3.534690
0 0 3 1 3 	-7.291737
0 0 3 2 0 	10.255415
0 0 3 2 1 	-2.840115
0 0 3 2 2 	3.992409
0 0 3 2 3 	0.583387
0 0 3 3 0 	-3.485372
0 0 3 3 1 	24.017697
0 0 3 3 2 	-5.859111
0 0 3 3 3 	-0.815647
0 1 0 0 0 	2.054321
0 1 0 0 1 	-3.803375
0 1 0 0 2 	-1.058493
0 1 0 0 3 	-27.454340
0 1 0 1 0 	-9.983841
0 1 0 1 1 	3.268906
0 1 0 1 2 	7.778426
0 1 0 1 3 	2.411001
0 1 0 2 0 	-9.789439
0 1 0 2 1 	8.692450
0 1 0 2 2 	14.662113
0 1 0 2 3 	1.390509
0 1 0 3 0 	0.914548
0 1 0 3 1 	2.173989
0 1 0 3 2 	-4.090931
0 1 0 3 3 	-1.202709
0 1 1 0 0 	1.830020
0 1 1 0 1 	-13.296394
0 1 1 0 2 	13.919062
0 1 1 0 3 	0.302869
0 1 1 1 0 	-9.137129
0 1 1 1 1 	-0.223898
0 1 1 1 2 	50.558113
0 1 1 1 3 	3.367642
0 1 1 2 0 	-6.165047
0 1 1 2 1 	2.820575
0 1 1 2 2 	3.401594
0 1 1 2 3 	8.901665
0 1 1 3 0 	-4.387101
0 1 1 3 1 	-1.497395
0 1 1 3 2 	0.928906
0 1 1 3 3 	-4.619599
0 1 2 0 0 	-1.838638
0 1 2 0 1 	-6.500467
0 1 2 0 2 	4.109582
0 1 2 0 3 	-1.894742
0 1 2 1 0 	-4.435252
0 1 2 1 1 	1.798056
0 1 2 1 2 	0.822235
0 1 2 1 3 	3.696602
0 1 2 2 0 	-5.070990
0 1 2 2 1 	-12.539358
0 1 2 2 2 	0.408447
0 1 2 2 3 	1.159777
0 1 2 3 0 	-1.166876
0 1 2 3 1 	0.379706
0 1 2 3 2 	-2.013997
0 1 2 3 3 	-6.164478
0 1 3 0 0 	-17.677708
0 1 3 0 1 	-2.861877
0 1 3 0 2 	-13.033486
0 1 3 0 3 	10.698491
0 1 3 1 0 	-0.601939
0 1 3 1 1 	4.487707
0 1 3 1 2 	-1.909697
0 1 3 1 3 	4.138873
0 1 3 2 0 	3.955374
0 1 3 2 1 	-3.461147
0 1 3 2 2 	-5.541397
0 1 3 2 3 	-0.631433
0 1 3 3 0 	-8.057586
0 1 3 3 1 	4.604120
0 1 3 3 2 	13.720544
0 1 3 3 3 	-1.428064
0 2 0 0 0 	-12.259918
0 2 0 0 1 	3.491271
0 2 0 0 2 	-1.346514
0 2 0 0 3 	-0.497228
0 2 0 1 0 	5.395482
0 2 0 1 1 	2.751193
0 2 0 1 2 	-2.201382
0 2 0 1 3 	0.511841
0 2 0 2 0 	-3.596676
0 2 0 2 1 	-0.160398
0 2 0 2 2 	-9.521588
0 2 0 2 3 	-3.452453
0 2 0 3 0 	-1.333722
0 2 0 3 1 	1.484072
0 2 0 3 2 	-17.866632
0 2 0 3 3 	-6.686335
0 2 1 0 0 	-4.288491
0 2 1 0 1 	-5.430554
0 2 1 0 2 	-0.751870
0 2 1 0 3 	-2.374788
0 2 1 1 0 	-3.838202
0 2 1 1 1 	-0.210897
0 2 1 1 2 	-1.893045
0 2 1 1 3 	7.316536
0 2 1 2 0 	5.370224
0 2 1 2 1 	-9.234408
0 2 1 2 2 	2.341356
0 2 1 2 3 	-6.988607
0 2 1 3 0 	-14.955907
0 2 1 3 1 	6.927476
0 2 1 3 2 	-3.760637
0 2 1 3 3 	3.366848
0 2 2 0 0 	9.406366
0 2 2 0 1 	6.193001
0 2 2 0 2 	-5.384065
0 2 2 0 3 	6.045094
0 2 2 1 0 	1.559717
0 2 2 1 1 	-1.824904
0 2 2 1 2 	5.790730
0 2 2 1 3 	-18.088191
0 2 2 2 0 	-0.689281
0 2 2 2 1 	-3.876172
0 2 2 2 2 	2.471750
0 2 2 2 3 	0.293280
0 2 2 3 0 	-9.835862
0 2 2 3 1 	0.674439
0 2 2 3 2 	-4.844100
0 2 2 3 3 	0.078774
0 2 3 0 0 	-1.662525
0 2 3 0 1 	-0.210714
0 2 3 0 2 	-3.542745
0 2 3 0 3 	3.829950
0 2 3 1 0 	-0.723391
0 2 3 1 1 	-0.495948
0 2 3 1 2 	4.910599
0 2 3 1 3 	-8.976694
0 2 3 2 0 	-7.377233
0 2 3 2 1 	0.916223
0 2 3 2 2 	-9.412705
0 2 3 2 3 	2.208991
0 2 3 3 0 	7.337735
0 2 3 3 1 	-0.554811
0 2 3 3 2 	-2.654492
0 2 3 3 3 	6.068266
0 3 0 0 0 	-2.080077
0 3 0 0 1 	4.546235
0 3 0 0 2 	-1.924392
0 3 0 0 3 	-5.041175
0 3 0 1 0 	3.677680
0 3 0 1 1 	-11.125028
0 3 0 1 2 	2.655437
0 3 0 1 3 	-1.595897
0 3 0 2 0 	4.373547
0 3 0 2 1 	11.603755
0 3 0 2 2 	0.272656
0 3 0 2 3 	-1.271155
0 3 0 3 0 	-3.768259
0 3 0 3 1 	2.375443
0 3 0 3 2 	-1.982134
0 3 0 3 3 	3.670506
0 3 1 0 0 	4.920098
0 3 1 0 1 	6.039657
0 3 1 0 2 	-0.064117
0 3 1 0 3 	2.396791
0 3 1 1 0 	3.079619
0 3 1 1 1 	-2.880433
0 3 1 1 2 	2.056274
0 3 1 1 3 	0.782466
0 3 1 2 0 	-3.446042
0 3 1 2 1 	-5.844520
0 3 1 2 2 	8.818363
0 3 1 2 3 	3.987118
0 3 1 3 0 	5.777735
0 3 1 3 1 	-0.289243
0 3 1 3 2 	3.943549
0 3 1 3 3 	6.275790
0 3 2 0 0 	3.021731
0 3 2 0 1 	1.667561
0 3 2 0 2 	-6.882594
0 3 2 0 3 	-3.782343
0 3 2 1 0 	-2.179987
0 3 2 1 1 	0.089323
0 3 2 1 2 	-11.505559
0 3 2 1 3 	4.220684
0 3 2 2 0 	-2.897747
0 3 2 2 1 	3.275898
0 3 2 2 2 	-0.240007
0 3 2 2 3 	0.100873
0 3 2 3 0 	0.704964
0 3 2 3 1 	7.910964
0 3 2 3 2 	1.307142
0 3 2 3 3 	-4.701306
0 3 3 0 0 	-5.684756
0 3 3 0 1 	2.972139
0 3 3 0 2 	-0.146303
0 3 3 0 3 	12.867124
0 3 3 1 0 	4.392487
0 3 3 1 1 	-2.422902
0 3 3 1 2 	-4.554261
0 3 3 1 3 	-7.321598
0 3 3 2 0 	-16.178897
0 3 3 2 1 	-0.278680
0 3 3 2 2 	12.918165
0 3 3 2 3 	2.447175
0 3 3 3 0 	1.165616
0 3 3 3 1 	-1.325044
0 3 3 3 2 	2.869130
0 3 3 3 3 	-1.563076
1 0 0 0 0 	4.184839
1 0 0 0 1 	-8.882583
1 0 0 0 2 	-6.095459
1 0 0 0 3 	-32.518787
1 0 0 1 0 	1.112781
1 0 0 1 1 	2.264103
1 0 0 1 2 	-4.742189
1 0 0 1 3 	4.848454
1 0 0 2 0 	-8.272526
1 0 0 2 1 	2.020689
1 0 0 2 2 	-6.441633
1 0 0 2 3 	-9.953348
1 0 0 3 0 	-14.345746
1 0 0 3 1 	-1.829399
1 0 0 3 2 	3.771454
1 0 0 3 3 	-0.481659
1 0 1 0 0 	12.150125
1 0 1 0 1 	-3.149751
1 0 1 0 2 	5.180115
1 0 1 0 3 	4.493569
1 0 1 1 0 	-4.958187
1 0 1 1 1 	-6.421080
1 0 1 1 2 	49.633149
1 0 1 1 3 	-2.857004
1 0 1 2 0 	-4.983746
1 0 1 2 1 	-10.316500
1 0 1 2 2 	-1.494078
1 0 1 2 3 	-8.120535
1 0 1 3 0 	3.464911
1 0 1 3 1 	-2.023145
1 0 1 3 2 	-2.564551
1 0 1 3 3 	4.328921
1 0 2 0 0 	8.145936
1 0 2 0 1 	-2.260743
1 0 2 0 2 	6.133654
1 0 2 0 3 	-1.631904
1 0 2 1 0 	1.615595
1 0 2 1 1 	2.529269
1 0 2 1 2 	-8.157282
1 0 2 1 3 	20.026066
1 0 2 2 0 	3.817129
1 0 2 2 1 	5.242671
1 0 2 2 2 	-4.928144
1 0 2 2 3 	-3.620117
1 0 2 3 0 	-6.087804
1 0 2 3 1 	-1.799325
1 0 2 3 2 	-2.442076
1 0 2 3 3 	-6.442293
1 0 3 0 0 	1.972370
1 0 3 0 1 	-6.128943
1 0 3 0 2 	2.304581
1 0 3 0 3 	8.314824
1 0 3 1 0 	10.234309
1 0 3 1 1 	-15.210033
1 0 3 1 2 	-3.436247
1 0 3 1 3 	30.813511
1 0 3 2 0 	-4.265248
1 0 3 2 1 	-1.661162
1 0 3 2 2 	-0.564460
1 0 3 2 3 	2.684866
1 0 3 3 0 	7.206111
1 0 3 3 1 	3.151112
1 0 3 3 2 	-1.884130
1 0 3 3 3 	-0.917757
1 1 0 0 0 	1.696380
1 1 0 0 1 	-16.120487
1 1 0 0 2 	-1.598025
1 1 0 0 3 	6.305479
1 1 0 1 0 	22.616583
1 1 0 1 1 	10.753804
1 1 0 1 2 	-6.615604
1 1 0 1 3 	-12.031648
1 1 0 2 0 	2.868038
1 1 0 2 1 	6.634102
1 1 0 2 2 	-6.261774
1 1 0 2 3 	-1.499334
1 1 0 3 0 	5.134702
1 1 0 3 1 	4.803982
1 1 0 3 2 	-0.114141
1 1 0 3 3 	6.521822
1 1 1 0 0 	10.218884
1 1 1 0 1 	-2.063016
1 1 1 0 2 	6.521831
1 1 1 0 3 	10.498669
1 1 1 1 0 	84.385068
1 1 1 1 1 	3.872277
1 1 1 1 2 	14.222626
1 1 1 1 3 	81.571217
1 1 1 2 0 	3.690513
1 1 1 2 1 	-0.785195
1 1 1 2 2 	-0.064849
1 1 1 2 3 	24.698050
1 1 1 3 0 	6.182401
1 1 1 3 1 	-7.549217
1 1 1 3 2 	1.009597
1 1 1 3 3 	9.387477
1 1 2 0 0 	3.288212
1 1 2 0 1 	-3.248119
1 1 2 0 2 	9.051275
1 1 2 0 3 	-0.985308
1 1 2 1 0 	-0.031901
1 1 2 1 1 	3.192369
1 1 2 1 2 	-1.885508
1 1 2 1 3 	-5.409626
1 1 2 2 0 	-7.700661
1 1 2 2 1 	-4.130440
1 1 2 2 2 	-3.382669
1 1 2 2 3 	-0.751615
1 1 2 3 0 	-0.299226
1 1 2 3 1 	-4.162856
1 1 2 3 2 	0.584956
1 1 2 3 3 	-2.764866
1 1 3 0 0 	-7.654578
1 1 3 0 1 	-2.341829
1 1 3 0 2 	-3.420840
1 1 3 0 3 	-11.274141
1 1 3 1 0 	0.238625
1 1 3 1 1 	-0.199011
1 1 3 1 2 	4.102620
1 1 3 1 3 	-5.890101
1 1 3 2 0 	5.705620
1 1 3 2 1 	1.831765
1 1 3 2 2 	8.882837
1 1 3 2 3 	4.392229
1 1 3 3 0 	2.332727
1 1 3 3 1 	1.034739
1 1 3 3 2 	-3.542965
1 1 3 3 3 	-3.431197
1 2 0 0 0 	-13.772511
1 2 0 0 1 	-4.287802
1 2 0 0 2 	8.222862
1 2 0 0 3 	-2.818903
1 2 0 1 0 	2.818587
1 2 0 1 1 	5.546892
1 2 0 1 2 	2.651355
1 2 0 1 3 	13.760840
1 2 0 2 0 	0.220668
1 2 0 2 1 	-6.244817
1 2 0 2 2 	2.267921
1 2 0 2 3 	-4.643365
1 2 0 3 0 	-6.341802
1 2 0 3 1 	-0.730176
1 2 0 3 2 	10.678288
1 2 0 3 3 	3.687781
1 2 1 0 0 	6.652612
1 2 1 0 1 	-3.802520
1 2 1 0 2 	1.344297
1 2 1 0 3 	15.122684
1 2 1 1 0 	-2.102672
1 2 1 1 1 	-14.912504
1 2 1 1 2 	-4.317891
1 2 1 1 3 	-3.944154
1 2 1 2 0 	-3.663830
1 2 1 2 1 	5.769009
1 2 1 2 2 	-2.371949
1 2 1 2 3 	-6.179243
1 2 1 3 0 	3.049716
1 2 1 3 1 	3.398334
1 2 1 3 2 	-4.189476
1 2 1 3 3 	-3.015995
1 2 2 0 0 	-5.863408
1 2 2 0 1 	-6.909029
1 2 2 0 2 	1.827196
1 2 2 0 3 	-2.780024
1 2 2 1 0 	3.775690
1 2 2 1 1 	-3.500980
1 2 2 1 2 	-4.448241
1 2 2 1 3 	-0.800193
1 2 2 2 0 	-5.338862
1 2 2 2 1 	-5.578575
1 2 2 2 2 	3.770193
1 2 2 2 3 	-10.302404
1 2 2 3 0 	-4.851761
1 2 2 3 1 	-0.056353
1 2 2 3 2 	-0.732943
1 2 2 3 3 	-5.633497
1 2 3 0 0 	-4.526884
1 2 3 0 1 	4.268193
1 2 3 0 2 	2.472207
1 2 3 0 3 	-4.894288
1 2 3 1 0 	3.304296
1 2 3 1 1 	4.231993
1 2 3 1 2 	0.869001
1 2 3 1 3 	-5.589173
1 2 3 2 0 	3.135799
1 2 3 2 1 	-2.604206
1 2 3 2 2 	2.520472
1 2 3 2 3 	0.365692
1 2 3 3 0 	-2.007768
1 2 3 3 1 	7.530355
1 2 3 3 2 	-13.099817
1 2 3 3 3 	-2.100187
1 3 0 0 0 	-1.586475
1 3 0 0 1 	1.815567
1 3 0 0 2 	2.530774
1 3 0 0 3 	2.451445
1 3 0 1 0 	-9.807349
1 3 0 1 1 	5.830262
1 3 0 1 2 	1.876472
1 3 0 1 3 	4.016987
1 3 0 2 0 	-3.990191
1 3 0 2 1 	-0.690718
1 3 0 2 2 	-9.825175
1 3 0 2 3 	0.877253
1 3 0 3 0 	-3.663424
1 3 0 3 1 	-0.229047
1 3 0 3 2 	-0.361634
1 3 0 3 3 	0.893958
1 3 1 0 0 	8.711659
1 3 1 0 1 	2.007164
1 3 1 0 2 	3.255185
1 3 1 0 3 	5.156444
1 3 1 1 0 	-11.351269
1 3 1 1 1 	-3.039282
1 3 1 1 2 	1.895621
1 3 1 1 3 	7.696072
1 3 1 2 0 	-3.021979
1 3 1 2 1 	1.037306
1 3 1 2 2 	-2.674835
1 3 1 2 3 	-0.055509
1 3 1 3 0 	2.257682
1 3 1 3 1 	6.816260
1 3 1 3 2 	-0.872538
1 3 1 3 3 	-4.695986
1 3 2 0 0 	4.179577
1 3 2 0 1 	1.232455
1 3 2 0 2 	1.092417
1 3 2 0 3 	-2.020955
1 3 2 1 0 	-4.202906
1 3 2 1 1 	-1.051809
1 3 2 1 2 	0.128314
1 3 2 1 3 	2.897598
1 3 2 2 0 	-12.134454
1 3 2 2 1 	-4.566458
1 3 2 2 2 	-3.245050
1 3 2 2 3 	-1.367612
1 3 2 3 0 	-2.226265
1 3 2 3 1 	1.766285
1 3 2 3 2 	-1.904499
1 3 2 3 3 	3.977191
1 3 3 0 0 	2.634064
1 3 3 0 1 	5.473189
1 3 3 0 2 	0.926070
1 3 3 0 3 	17.867448
1 3 3 1 0 	-9.024417
1 3 3 1 1 	-1.607710
1 3 3 1 2 	-6.621030
1 3 3 1 3 	3.533005
1 3 3 2 0 	3.505584
1 3 3 2 1 	2.228835
1 3 3 2 2 	-4.233147
1 3 3 2 3 	-5.714042
1 3 3 3 0 	0.608909
1 3 3 3 1 	-14.910702
1 3 3 3 2 	-4.079519
1 3 3 3 3 	4.073435
2 0 0 0 0 	4.145698
2 0 0 0 1 	-0.304916
2 0 0 0 2 	6.415434
2 0 0 0 3 	-13.373099
2 0 0 1 0 	-0.596573
2 0 0 1 1 	2.389121
2 0 0 1 2 	-2.475857
2 0 0 1 3 	3.548311
2 0 0 2 0 	2.559485
2 0 0 2 1 	-9.083632
2 0 0 2 2 	-2.509834
2 0 0 2 3 	-1.480018
2 0 0 3 0 	0.137259
2 0 0 3 1 	1.170979
2 0 0 3 2 	0.283867
2 0 0 3 3 	-3.877307
2 0 1 0 0 	-2.766871
2 0 1 0 1 	-4.137441
2 0 1 0 2 	6.623025
2 0 1 0 3 	6.229594
2 0 1 1 0 	3.777666
2 0 1 1 1 	-7.344268
2 0 1 1 2 	2.403560
2 0 1 1 3 	1.510505
2 0 1 2 0 	0.273587
2 0 1 2 1 	1.415476
2 0 1 2 2 	3.884763
2 0 1 2 3 	-18.303596
2 0 1 3 0 	-4.145842
2 0 1 3 1 	-5.368120
2 0 1 3 2 	5.577438
2 0 1 3 3 	-5.606107
2 0 2 0 0 	-2.551741
2 0 2 0 1 	3.831343
2 0 2 0 2 	-6.049074
2 0 2 0 3 	4.665486
2 0 2 1 0 	3.823933
2 0 2 1 1 	-1.928520
2 0 2 1 2 	-2.275744
2 0 2 1 3 	-4.488756
2 0 2 2 0 	5.281245
2 0 2 2 1 	0.576670
2 0 2 2 2 	5.240820
2 0 2 2 3 	4.832318
2 0 2 3 0 	-8.168205
2 0 2 3 1 	0.472609
2 0 2 3 2 	5.672309
2 0 2 3 3 	-0.825644
2 0 3 0 0 	3.031288
2 0 3 0 1 	-2.615189
2 0 3 0 2 	0.913007
2 0 3 0 3 	2.624777
2 0 3 1 0 	-4.986563
2 0 3 1 1 	3.054819
2 0 3 1 2 	-2.753298
2 0 3 1 3 	-3.291416
2 0 3 2 0 	-0.349855
2 0 3 2 1 	-8.154915
2 0 3 2 2 	-7.928712
2 0 3 2 3 	8.386876
2 0 3 3 0 	5.231525
2 0 3 3 1 	-17.500250
2 0 3 3 2 	1.025212
2 0 3 3 3 	0.531255
2 1 0 0 0 	-1.063029
2 1 0 0 1 	-4.620564
2 1 0 0 2 	0.138841
2 1 0 0 3 	-1.919259
2 1 0 1 0 	-2.455746
2 1 0 1 1 	3.350672
2 1 0 1 2 	-29.299283
2 1 0 1 3 	1.337165
2 1 0 2 0 	1.094028
2 1 0 2 1 	1.425300
2 1 0 2 2 	-3.290978
2 1 0 2 3 	-0.355294
2 1 0 3 0 	0.161001
2 1 0 3 1 	0.778789
2 1 0 3 2 	4.162790
2 1 0 3 3 	-1.734200
2 1 1 0 0 	-4.835481
2 1 1 0 1 	-3.042778
2 1 1 0 2 	-4.045062
2 1 1 0 3 	7.309997
2 1 1 1 0 	-0.592979
2 1 1 1 1 	-0.143833
2 1 1 1 2 	-6.616529
2 1 1 1 3 	-3.086091
2 1 1 2 0 	-5.929675
2 1 1 2 1 	-4.985384
2 1 1 2 2 	-1.584333
2 1 1 2 3 	-1.793341
2 1 1 3 0 	0.662236
2 1 1 3 1 	10.364233
2 1 1 3 2 	11.413429
2 1 1 3 3 	-1.945827
2 1 2 0 0 	-0.651291
2 1 2 0 1 	-6.212370
2 1 2 0 2 	8.762561
2 1 2 0 3 	-3.203402
2 1 2 1 0 	-4.680087
2 1 2 1 1 	-2.527780
2 1 2 1 2 	-1.917451
2 1 2 1 3 	1.692719
2 1 2 2 0 	3.811802
2 1 2 2 1 	-7.831308
2 1 2 2 2 	-6.278450
2 1 2 2 3 	-8.004871
2 1 2 3 0 	-3.192400
2 1 2 3 1 	-5.599708
2 1 2 3 2 	-9.817023
2 1 2 3 3 	-0.831989
2 1 3 0 0 	3.181142
2 1 3 0 1 	-9.392671
2 1 3 0 2 	1.493440
2 1 3 0 3 	-2.167594
2 1 3 1 0 	4.267991
2 1 3 1 1 	7.244308
2 1 3 1 2 	-4.261826
2 1 3 1 3 	4.640145
2 1 3 2 0 	-3.095612
2 1 3 2 1 	-9.626922
2 1 3 2 2 	-3.195011
2 1 3 2 3 	0.081937
2 1 3 3 0 	-2.642363
2 1 3 3 1 	-7.807053
2 1 3 3 2 	3.882932
2 1 3 3 3 	6.733179
2 2 0 0 0 	10.256796
2 2 0 0 1 	-9.887384
2 2 0 0 2 	-3.769670
2 2 0 0 3 	1.537195
2 2 0 1 0 	36.721676
2 2 0 1 1 	-1.887735
2 2 0 1 2 	-0.444274
2 2 0 1 3 	2.307680
2 2 0 2 0 	-1.537926
2 2 0 2 1 	-2.770070
2 2 0 2 2 	6.218631
2 2 0 2 3 	-2.938931
2 2 0 3 0 	5.173937
2 2 0 3 1 	0.980636
2 2 0 3 2 	1.428279
2 2 0 3 3 	0.775902
2 2 1 0 0 	-4.702350
2 2 1 0 1 	4.901072
2 2 1 0 2 	-8.466384
2 2 1 0 3 	4.767606
2 2 1 1 0 	-0.437275
2 2 1 1 1 	-2.796972
2 2 1 1 2 	4.055959
2 2 1 1 3 	2.573429
2 2 1 2 0 	0.620186
2 2 1 2 1 	-0.412274
2 2 1 2 2 	3.101659
2 2 1 2 3 	12.181969
2 2 1 3 0 	8.859706
2 2 1 3 1 	4.469767
2 2 1 3 2 	-3.927972
2 2 1 3 3 	-5.128655
2 2 2 0 0 	-4.746525
2 2 2 0 1 	11.150075
2 2 2 0 2 	4.141516
2 2 2 0 3 	-3.421662
2 2 2 1 0 	5.855175
2 2 2 1 1 	3.920342
2 2 2 1 2 	2.426222
2 2 2 1 3 	7.435948
2 2 2 2 0 	67.579386
2 2 2 2 1 	89.496670
2 2 2 2 2 	4.916505
2 2 2 2 3 	49.625967
2 2 2 3 0 	-5.422939
2 2 2 3 1 	-6.520220
2 2 2 3 2 	6.056297
2 2 2 3 3 	0.638487
2 2 3 0 0 	-9.834747
2 2 3 0 1 	10.437918
2 2 3 0 2 	-12.640691
2 2 3 0 3 	15.029707
2 2 3 1 0 	-3.884220
2 2 3 1 1 	7.090809
2 2 3 1 2 	-2.622493
2 2 3 1 3 	4.567877
2 2 3 2 0 	0.342648
2 2 3 2 1 	-6.104362
2 2 3 2 2 	1.602256
2 2 3 2 3 	7.982633
2 2 3 3 0 	2.447745
2 2 3 3 1 	-2.169915
2 2 3 3 2 	-1.783592
2 2 3 3 3 	1.368106
2 3 0 0 0 	-7.036696
2 3 0 0 1 	4.934916
2 3 0 0 2 	21.288890
2 3 0 0 3 	-5.028061
2 3 0 1 0 	0.893268
2 3 0 1 1 	0.986450
2 3 0 1 2 	-3.701294
2 3 0 1 3 	-7.022766
2 3 0 2 0 	-0.052757
2 3 0 2 1 	4.284381
2 3 0 2 2 	-3.664398
2 3 0 2 3 	5.846053
2 3 0 3 0 	2.438209
2 3 0 3 1 	-6.995928
2 3 0 3 2 	1.781645
2 3 0 3 3 	-26.529437
2 3 1 0 0 	8.104912
2 3 1 0 1 	-5.820222
2 3 1 0 2 	5.092285
2 3 1 0 3 	-16.860791
2 3 1 1 0 	2.238929
2 3 1 1 1 	2.219563
2 3 1 1 2 	0.990696
2 3 1 1 3 	-0.231392
2 3 1 2 0 	-0.007970
2 3 1 2 1 	-0.005799
2 3 1 2 2 	-1.773124
2 3 1 2 3 	0.002691
2 3 1 3 0 	-5.067322
2 3 1 3 1 	-7.475484
2 3 1 3 2 	1.696748
2 3 1 3 3 	2.999871
2 3 2 0 0 	-3.815060
2 3 2 0 1 	-2.500518
2 3 2 0 2 	-6.128713
2 3 2 0 3 	-1.369467
2 3 2 1 0 	4.493280
2 3 2 1 1 	-3.265110
2 3 2 1 2 	8.358762
2 3 2 1 3 	-6.254891
2 3 2 2 0 	-2.424233
2 3 2 2 1 	-5.570538
2 3 2 2 2 	-6.222596
2 3 2 2 3 	6.851991
2 3 2 3 0 	-6.713433
2 3 2 3 1 	2.567383
2 3 2 3 2 	2.833721
2 3 2 3 3 	1.537963
2 3 3 0 0 	1.138101
2 3 3 0 1 	-0.837813
2 3 3 0 2 	-4.894547
2 3 3 0 3 	-6.392022
2 3 3 1 0 	0.763199
2 3 3 1 1 	-2.873576
2 3 3 1 2 	-1.595346
2 3 3 1 3 	-5.878970
2 3 3 2 0 	-0.440331
2 3 3 2 1 	-2.401891
2 3 3 2 2 	7.166281
2 3 3 2 3 	5.618931
2 3 3 3 0 	-10.837582
2 3 3 3 1 	-32.149697
2 3 3 3 2 	6.355818
2 3 3 3 3 	2.087855
3 0 0 0 0 	-5.149053
3 0 0 0 1 	4.068186
3 0 0 0 2 	-0.119489
3 0 0 0 3 	-4.906448
3 0 0 1 0 	-9.113877
3 0 0 1 1 	4.012636
3 0 0 1 2 	-1.546769
3 0 0 1 3 	3.173020
3 0 0 2 0 	-1.130426
3 0 0 2 1 	-5.738018
3 0 0 2 2 	-0.443159
3 0 0 2 3 	7.251180
3 0 0 3 0 	4.881075
3 0 0 3 1 	-0.153803
3 0 0 3 2 	-4.007735
3 0 0 3 3 	8.987478
3 0 1 0 0 	-4.365565
3 0 1 0 1 	2.038702
3 0 1 0 2 	-4.360116
3 0 1 0 3 	-37.186873
3 0 1 1 0 	-3.096952
3 0 1 1 1 	3.316043
3 0 1 1 2 	-3.210687
3 0 1 1 3 	-1.886630
3 0 1 2 0 	-4.025453
3 0 1 2 1 	-5.449818
3 0 1 2 2 	10.428541
3 0 1 2 3 	8.208997
3 0 1 3 0 	3.083981
3 0 1 3 1 	7.367862
3 0 1 3 2 	0.614393
3 0 1 3 3 	-13.608683
3 0 2 0 0 	-4.795051
3 0 2 0 1 	-0.292984
3 0 2 0 2 	10.336277
3 0 2 0 3 	-20.132142
3 0 2 1 0 	3.439248
3 0 2 1 1 	1.506675
3 0 2 1 2 	-3.753205
3 0 2 1 3 	-3.502293
3 0 2 2 0 	1.124298
3 0 2 2 1 	-21.462262
3 0 2 2 2 	-6.941863
3 0 2 2 3 	-10.425600
3 0 2 3 0 	-3.341496
3 0 2 3 1 	-0.659502
3 0 2 3 2 	-1.650729
3 0 2 3 3 	-9.893112
3 0 3 0 0 	-3.468218
3 0 3 0 1 	-5.895260
3 0 3 0 2 	-9.207438
3 0 3 0 3 	2.952890
3 0 3 1 0 	-0.196657
3 0 3 1 1 	-3.940836
3 0 3 1 2 	4.651321
3 0 3 1 3 	-6.729426
3 0 3 2 0 	2.211849
3 0 3 2 1 	4.119424
3 0 3 2 2 	0.080227
3 0 3 2 3 	-0.425296
3 0 3 3 0 	-0.180381
3 0 3 3 1 	0.413184
3 0 3 3 2 	-1.913988
3 0 3 3 3 	-10.385492
3 1 0 0 0 	-2.597435
3 1 0 0 1 	-2.888252
3 1 0 0 2 	25.687889
3 1 0 0 3 	5.218395
3 1 0 1 0 	2.546652
3 1 0 1 1 	0.340864
3 1 0 1 2 	-25.282388
3 1 0 1 3 	1.608596
3 1 0 2 0 	14.076245
3 1 0 2 1 	0.155911
3 1 0 2 2 	3.546258
3 1 0 2 3 	-25.861610
3 1 0 3 0 	-3.975080
3 1 0 3 1 	-2.191623
3 1 0 3 2 	-4.099161
3 1 0 3 3 	0.110942
3 1 1 0 0 	5.091952
3 1 1 0 1 	-0.010316
3 1 1 0 2 	-4.405281
3 1 1 0 3 	-2.679155
3 1 1 1 0 	3.988207
3 1 1 1 1 	-3.158683
3 1 1 1 2 	-1.329492
3 1 1 1 3 	-1.538951
3 1 1 2 0 	-3.396592
3 1 1 2 1 	-0.651607
3 1 1 2 2 	-2.404153
3 1 1 2 3 	2.149391
3 1 1 3 0 	-0.555264
3 1 1 3 1 	3.882248
3 1 1 3 2 	-2.512648
3 1 1 3 3 	-6.050725
3 1 2 0 0 	1.328119
3 1 2 0 1 	-1.490212
3 1 2 0 2 	-6.198892
3 1 2 0 3 	-3.962893
3 1 2 1 0 	2.072923
3 1 2 1 1 	7.293665
3 1 2 1 2 	-1.321448
3 1 2 1 3 	4.978551
3 1 2 2 0 	5.276052
3 1 2 2 1 	0.251487
3 1 2 2 2 	3.934827
3 1 2 2 3 	13.930265
3 1 2 3 0 	3.983955
3 1 2 3 1 	3.555407
3 1 2 3 2 	-4.083068
3 1 2 3 3 	-10.118692
3 1 3 0 0 	0.027777
3 1 3 0 1 	-1.828642
3 1 3 0 2 	-6.852833
3 1 3 0 3 	-5.487969
3 1 3 1 0 	-4.457636
3 1 3 1 1 	-0.932499
3 1 3 1 2 	10.841736
3 1 3 1 3 	3.786887
3 1 3 2 0 	-6.377939
3 1 3 2 1 	-3.397549
3 1 3 2 2 	-0.619100
3 1 3 2 3 	-10.053233
3 1 3 3 0 	-2.414490
3 1 3 3 1 	9.508407
3 1 3 3 2 	5.032487
3 1 3 3 3 	0.705741
3 2 0 0 0 	-11.989333
3 2 0 0 1 	-5.129112
3 2 0 0 2 	1.725653
3 2 0 0 3 	-5.691483
3 2 0 1 0 	-13.084965
3 2 0 1 1 	-3.326920
3 2 0 1 2 	3.071649
3 2 0 1 3 	0.777619
3 2 0 2 0 	7.500559
3 2 0 2 1 	2.508213
3 2 0 2 2 	4.416270
3 2 0 2 3 	3.587608
3 2 0 3 0 	-3.958517
3 2 0 3 1 	-6.320480
3 2 0 3 2 	3.373302
3 2 0 3 3 	-5.245274
3 2 1 0 0 	4.815540
3 2 1 0 1 	12.840014
3 2 1 0 2 	4.814166
3 2 1 0 3 	-8.145063
3 2 1 1 0 	-2.942962
3 2 1 1 1 	-6.060640
3 2 1 1 2 	0.592736
3 2 1 1 3 	-0.845692
3 2 1 2 0 	0.294869
3 2 1 2 1 	-4.404422
3 2 1 2 2 	-11.477987
3 2 1 2 3 	-0.320535
3 2 1 3 0 	-6.768625
3 2 1 3 1 	2.299466
3 2 1 3 2 	-3.824658
3 2 1 3 3 	-1.247909
3 2 2 0 0 	-4.373194
3 2 2 0 1 	3.605934
3 2 2 0 2 	0.391941
3 2 2 0 3 	5.199077
3 2 2 1 0 	6.969851
3 2 2 1 1 	-5.103096
3 2 2 1 2 	7.103186
3 2 2 1 3 	1.380436
3 2 2 2 0 	-6.925867
3 2 2 2 1 	3.989503
3 2 2 2 2 	5.088067
3 2 2 2 3 	4.392300
3 2 2 3 0 	-10.775238
3 2 2 3 1 	7.204704
3 2 2 3 2 	2.745833
3 2 2 3 3 	4.901163
3 2 3 0 0 	4.865420
3 2 3 0 1 	0.541912
3 2 3 0 2 	6.135280
3 2 3 0 3 	-2.851046
3 2 3 1 0 	6.460819
3 2 3 1 1 	1.331359
3 2 3 1 2 	0.199657
3 2 3 1 3 	-4.979074
3 2 3 2 0 	1.214908
3 2 3 2 1 	-1.980884
3 2 3 2 2 	1.649155
3 2 3 2 3 	-2.919984
3 2 3 3 0 	4.975969
3 2 3 3 1 	-1.658675
3 2 3 3 2 	-1.010009
3 2 3 3 3 	1.339170
3 3 0 0 0 	-14.191606
3 3 0 0 1 	-0.433389
3 3 0 0 2 	-4.149409
3 3 0 0 3 	6.272646
3 3 0 1 0 	-3.303039
3 3 0 1 1 	2.173633
3 3 0 1 2 	1.799131
3 3 0 1 3 	-1.512174
3 3 0 2 0 	5.148184
3 3 0 2 1 	-6.290432
3 3 0 2 2 	-6.900467
3 3 0 2 3 	2.599426
3 3 0 3 0 	11.821431
3 3 0 3 1 	-2.977488
3 3 0 3 2 	-8.993684
3 3 0 3 3 	-1.893819
3 3 1 0 0 	1.762133
3 3 1 0 1 	-4.843871
3 3 1 0 2 	4.621844
3 3 1 0 3 	7.649901
3 3 1 1 0 	-0.889421
3 3 1 1 1 	-15.488616
3 3 1 1 2 	0.872037
3 3 1 1 3 	-1.316211
3 3 1 2 0 	2.438281
3 3 1 2 1 	-0.642993
3 3 1 2 2 	-1.847878
3 3 1 2 3 	-3.625718
3 3 1 3 0 	-0.715689
3 3 1 3 1 	1.055566
3 3 1 3 2 	7.875911
3 3 1 3 3 	5.396189
3 3 2 0 0 	0.897810
3 3 2 0 1 	4.348415
3 3 2 0 2 	5.523381
3 3 2 0 3 	-9.575136
3 3 2 1 0 	-2.636918
3 3 2 1 1 	-4.749359
3 3 2 1 2 	-2.508598
3 3 2 1 3 	-3.452897
3 3 2 2 0 	-9.797596
3 3 2 2 1 	4.807779
3 3 2 2 2 	0.947688
3 3 2 2 3 	-4.546383
3 3 2 3 0 	0.397124
3 3 2 3 1 	2.702594
3 3 2 3 2 	0.831232
3 3 2 3 3 	0.207201
3 3 3 0 0 	5.383878
3 3 3 0 1 	-8.748441
3 3 3 0 2 	-2.116519
3 3 3 0 3 	0.308377
3 3 3 1 0 	5.837786
3 3 3 1 1 	-2.499990
3 3 3 1 2 	1.774477
3 3 3 1 3 	3.917189
3 3 3 2 0 	3.076789
3 3 3 2 1 	3.478594
3 3 3 2 2 	-1.468154
3 3 3 2 3 	-9.545584
3 3 3 3 0 	1.329428
3 3 3 3 1 	6.019044
3 3 3 3 2 	14.928158
3 3 3 3 3 	-7.873916

