5	1024
0 0 0 0 0 	-1.608557
0 0 0 0 1 	-1.636527
0 0 0 0 2 	-3.611035
0 0 0 0 3 	19.589490
0 0 0 1 0 	-3.159422
0 0 0 1 1 	-8.991188
0 0 0 1 2 	-4.452881
0 0 0 1 3 	3.849414
0 0 0 2 0 	-0.074469
0 0 0 2 1 	-0.469304
0 0 0 2 2 	-9.600511
0 0 0 2 3 	6.883543
0 0 0 3 0 	-1.060229
0 0 0 3 1 	3.965068
0 0 0 3 2 	-4.302146
0 0 0 3 3 	-0.789120
0 0 1 0 0 	-0.872881
0 0 1 0 1 	6.583599
0 0 1 0 2 	2.760043
0 0 1 0 3 	-3.942392
0 0 1 1 0 	7.096841
0 0 1 1 1 	20.549414
0 0 1 1 2 	21.169425
0 0 1 1 3 	5.152825
0 0 1 2 0 	2.204425
0 0 1 2 1 	-2.860636
0 0 1 2 2 	-3.159107
0 0 1 2 3 	1.293309
0 0 1 3 0 	-1.780318
0 0 1 3 1 	-8.122539
0 0 1 3 2 	-17.666737
0 0 1 3 3 	-8.693351
0 0 2 0 0 	-12.037936
0 0 2 0 1 	-3.401848
0 0 2 0 2 	8.504021
0 0 2 0 3 	-7.276114
0 0 2 1 0 	5.173396
0 0 2 1 1 	3.005658
0 0 2 1 2 	5.705280
0 0 2 1 3 	-17.909064
0 0 2 2 0 	-4.381478
0 0 2 2 1 	4.862233
0 0 2 2 2 	6.750813
0 0 2 2 3 	2.870648
0 0 2 3 0 	3.013336
0 0 2 3 1 	-0.507541
0 0 2 3 2 	-2.770487
0 0 2 3 3 	-8.625320
0 0 3 0 0 	-5.396258
0 0 3 0 1 	-29.633064
0 0 3 0 2 	10.468062
0 0 3 0 3 	-8.627971
0 0 3 1 0 	-4.921608
0 0 3 1 1 	3.758070
0 0 3 1 2 	1.848770
0 0 3 1 3 	-17.411578
0 0 3 2 0 	-0.870703
0 0 3 2 1 	-0.806583
0 0 3 2 2 	-0.898246
0 0 3 2 3 	-4.382736
0 0 3 3 0 	-3.524727
0 0 3 3 1 	37.361347
0 0 3 3 2 	-3.524971
0 0 3 3 3 	-1.046023
0 1 0 0 0 	9.933005
0 1 0 0 1 	8.946503
0 1 0 0 2 	-1.958485
0 1 0 0 3 	-6.703907
0 1 0 1 0 	-5.184552
0 1 0 1 1 	2.198803
0 1 0 1 2 	95.127021
0 1 0 1 3 	3.110639
0 1 0 2 0 	4.360356
0 1 0 2 1 	-0.146522
0 1 0 2 2 	3.286981
0 1 0 2 3 	-6.142455
0 1 0 3 0 	1.459911
0 1 0 3 1 	2.779479
0 1 0 3 2 	-11.142778
0 1 0 3 3 	-3.615811
0 1 1 0 0 	-3.915983
0 1 1 0 1 	-4.103514
0 1 1 0 2 	6.973104
0 1 1 0 3 	0.867323
0 1 1 1 0 	-1.563423
0 1 1 1 1 	-6.137620
0 1 1 1 2 	87.673230
0 1 1 1 3 	12.056610
0 1 1 2 0 	-2.065681
0 1 1 2 1 	-2.901620
0 1 1 2 2 	8.432420
0 1 1 2 3 	7.019114
0 1 1 3 0 	-5.601878
0 1 1 3 1 	-8.283647
0 1 1 3 2 	2.275394
0 1 1 3 3 	-4.576017
0 1 2 0 0 	-3.027816
0 1 2 0 1 	-0.545865
0 1 2 0 2 	-5.883881
0 1 2 0 3 	0.793018
0 1 2 1 0 	2.730969
0 1 2 1 1 	-2.196522
0 1 2 1 2 	4.480760
0 1 2 1 3 	6.048483
0 1 2 2 0 	3.036146
0 1 2 2 1 	7.594525
0 1 2 2 2 	-7.144633
0 1 2 2 3 	-0.858237
0 1 2 3 0 	4.659551
0 1 2 3 1 	-12.050231
0 1 2 3 2 	4.760876
0 1 2 3 3 	4.059772
0 1 3 0 0 	-2.983169
0 1 3 0 1 	-1.244505
0 1 3 0 2 	-3.486174
0 1 3 0 3 	6.403139
0 1 3 1 0 	0.500812
0 1 3 1 1 	4.527693
0 1 3 1 2 	-15.685367
0 1 3 1 3 	4.067297
0 1 3 2 0 	3.349149
0 1 3 2 1 	-7.347261
0 1 3 2 2 	-15.002213
0 1 3 2 3 	-5.854557
0 1 3 3 0 	-1.404372
0 1 3 3 1 	31.207889
0 1 3 3 2 	2.082947
0 1 3 3 3 	12.956746
0 2 0 0 0 	-6.124232
0 2 0 0 1 	5.507523
0 2 0 0 2 	-1.569329
0 2 0 0 3 	2.064966
0 2 0 1 0 	-4.835193
0 2 0 1 1 	6.283178
0 2 0 1 2 	1.281083
0 2 0 1 3 	-0.171455
0 2 0 2 0 	-3.350706
0 2 0 2 1 	-1.454029
0 2 0 2 2 	12.360036
0 2 0 2 3 	-3.274147
0 2 0 3 0 	-4.352446
0 2 0 3 1 	-0.142081
0 2 0 3 2 	-34.284353
0 2 0 3 3 	-11.668603
0 2 1 0 0 	4.654769
0 2 1 0 1 	0.764855
0 2 1 0 2 	0.495570
0 2 1 0 3 	-3.260414
0 2 1 1 0 	-1.453670
0 2 1 1 1 	2.619402
0 2 1 1 2 	-4.423796
0 2 1 1 3 	2.163853
0 2 1 2 0 	2.538334
0 2 1 2 1 	-8.634944
0 2 1 2 2 	1.544322
0 2 1 2 3 	-12.367626
0 2 1 3 0 	0.956225
0 2 1 3 1 	-0.633476
0 2 1 3 2 	-3.477254
0 2 1 3 3 	4.182530
0 2 2 0 0 	37.769110
0 2 2 0 1 	3.534650
0 2 2 0 2 	-4.473517
0 2 2 0 3 	13.701424
0 2 2 1 0 	0.377676
0 2 2 1 1 	4.135731
0 2 2 1 2 	4.690129
0 2 2 1 3 	-14.909677
0 2 2 2 0 	2.510796
0 2 2 2 1 	-5.592375
0 2 2 2 2 	-1.919959
0 2 2 2 3 	1.011597
0 2 2 3 0 	1.486859
0 2 2 3 1 	0.803386
0 2 2 3 2 	-12.467788
0 2 2 3 3 	-0.138051
0 2 3 0 0 	-5.414848
0 2 3 0 1 	-3.454701
0 2 3 0 2 	2.413063
0 2 3 0 3 	8.229228
0 2 3 1 0 	-11.223230
0 2 3 1 1 	-2.667891
0 2 3 1 2 	10.270571
0 2 3 1 3 	-33.687931
0 2 3 2 0 	-1.183340
0 2 3 2 1 	4.366021
0 2 3 2 2 	-12.503313
0 2 3 2 3 	-3.221574
0 2 3 3 0 	7.676064
0 2 3 3 1 	6.310794
0 2 3 3 2 	5.042333
0 2 3 3 3 	-7.947481
0 3 0 0 0 	-10.042068
0 3 0 0 1 	2.361516
0 3 0 0 2 	1.863898
0 3 0 0 3 	-5.301464
0 3 0 1 0 	-13.126514
0 3 0 1 1 	2.457528
0 3 0 1 2 	-2.802414
0 3 0 1 3 	-7.795060
0 3 0 2 0 	4.755910
0 3 0 2 1 	17.779451
0 3 0 2 2 	7.214608
0 3 0 2 3 	-2.601433
0 3 0 3 0 	-3.593483
0 3 0 3 1 	0.472177
0 3 0 3 2 	1.901918
0 3 0 3 3 	-2.087768
0 3 1 0 0 	-0.832970
0 3 1 0 1 	10.937127
0 3 1 0 2 	-1.703958
0 3 1 0 3 	-7.158969
0 3 1 1 0 	7.119410
0 3 1 1 1 	4.176183
0 3 1 1 2 	3.355011
0 3 1 1 3 	-3.899758
0 3 1 2 0 	-3.059646
0 3 1 2 1 	-5.272902
0 3 1 2 2 	8.224541
0 3 1 2 3 	4.125692
0 3 1 3 0 	1.221046
0 3 1 3 1 	-0.171058
0 3 1 3 2 	-2.539606
0 3 1 3 3 	6.070117
0 3 2 0 0 	6.453051
0 3 2 0 1 	4.418018
0 3 2 0 2 	9.423363
0 3 2 0 3 	-5.613534
0 3 2 1 0 	-2.028416
0 3 2 1 1 	41.080500
0 3 2 1 2 	-7.126466
0 3 2 1 3 	-2.551818
0 3 2 2 0 	-2.144760
0 3 2 2 1 	2.735765
0 3 2 2 2 	3.317096
0 3 2 2 3 	-8.548459
0 3 2 3 0 	4.012884
0 3 2 3 1 	-2.691693
0 3 2 3 2 	9.137244
0 3 2 3 3 	-9.593746
0 3 3 0 0 	-3.213618
0 3 3 0 1 	1.716475
0 3 3 0 2 	2.790845
0 3 3 0 3 	-1.057404
0 3 3 1 0 	20.045829
0 3 3 1 1 	-32.838846
0 3 3 1 2 	-18.800281
0 3 3 1 3 	6.433670
0 3 3 2 0 	-0.179472
0 3 3 2 1 	-4.693326
0 3 3 2 2 	5.440234
0 3 3 2 3 	1.940904
0 3 3 3 0 	-3.256216
0 3 3 3 1 	3.853053
0 3 3 3 2 	-3.933353
0 3 3 3 3 	-4.540787
1 0 0 0 0 	0.370290
1 0 0 0 1 	3.797668
1 0 0 0 2 	-6.566241
1 0 0 0 3 	-5.190776
1 0 0 1 0 	-9.472080
1 0 0 1 1 	1.930798
1 0 0 1 2 	-2.134776
1 0 0 1 3 	12.724438
1 0 0 2 0 	-6.483250
1 0 0 2 1 	-1.247066
1 0 0 2 2 	-7.296677
1 0 0 2 3 	1.617696
1 0 0 3 0 	4.361627
1 0 0 3 1 	-10.847056
1 0 0 3 2 	-1.159753
1 0 0 3 3 	2.417836
1 0 1 0 0 	4.292576
1 0 1 0 1 	-7.041828
1 0 1 0 2 	-0.838442
1 0 1 0 3 	0.989973
1 0 1 1 0 	-2.352381
1 0 1 1 1 	14.021355
1 0 1 1 2 	80.030839
1 0 1 1 3 	-8.767394
1 0 1 2 0 	-13.264497
1 0 1 2 1 	-2.637493
1 0 1 2 2 	-2.078499
1 0 1 2 3 	-5.739911
1 0 1 3 0 	7.879847
1 0 1 3 1 	-3.585631
1 0 1 3 2 	-5.388637
1 0 1 3 3 	8.550974
1 0 2 0 0 	3.301986
1 0 2 0 1 	-5.163899
1 0 2 0 2 	9.503865
1 0 2 0 3 	-1.660620
1 0 2 1 0 	0.320179
1 0 2 1 1 	10.202927
1 0 2 1 2 	-5.269578
1 0 2 1 3 	65.916784
1 0 2 2 0 	-1.701106
1 0 2 2 1 	1.910975
1 0 2 2 2 	2.549887
1 0 2 2 3 	-20.704178
1 0 2 3 0 	-7.483262
1 0 2 3 1 	-10.094206
1 0 2 3 2 	1.809608
1 0 2 3 3 	-11.939570
1 0 3 0 0 	17.494549
1 0 3 0 1 	-9.189879
1 0 3 0 2 	-2.062634
1 0 3 0 3 	14.017997
1 0 3 1 0 	21.110956
1 0 3 1 1 	-7.493297
1 0 3 1 2 	0.727910
1 0 3 1 3 	11.194522
1 0 3 2 0 	-8.693210
1 0 3 2 1 	-4.053528
1 0 3 2 2 	-10.131390
1 0 3 2 3 	8.004586
1 0 3 3 0 	8.142471
1 0 3 3 1 	31.534704
1 0 3 3 2 	-1.222890
1 0 3 3 3 	-7.949827
1 1 0 0 0 	5.541438
1 1 0 0 1 	-19.685833
1 1 0 0 2 	1.750551
1 1 0 0 3 	-6.448262
1 1 0 1 0 	27.429235
1 1 0 1 1 	-3.055567
1 1 0 1 2 	-0.250912
1 1 0 1 3 	2.457077
1 1 0 2 0 	-12.602069
1 1 0 2 1 	-5.621267
1 1 0 2 2 	-2.038236
1 1 0 2 3 	5.142877
1 1 0 3 0 	-10.245716
1 1 0 3 1 	-1.836052
1 1 0 3 2 	0.187489
1 1 0 3 3 	2.416252
1 1 1 0 0 	4.819793
1 1 1 0 1 	22.669392
1 1 1 0 2 	6.222963
1 1 1 0 3 	93.250763
1 1 1 1 0 	90.221298
1 1 1 1 1 	4.827603
1 1 1 1 2 	19.155202
1 1 1 1 3 	11.247969
1 1 1 2 0 	10.430454
1 1 1 2 1 	7.978392
1 1 1 2 2 	16.774226
1 1 1 2 3 	47.836365
1 1 1 3 0 	-23.504512
1 1 1 3 1 	-4.215349
1 1 1 3 2 	1.550866
1 1 1 3 3 	4.134356
1 1 2 0 0 	6.375945
1 1 2 0 1 	37.595736
1 1 2 0 2 	27.979687
1 1 2 0 3 	-3.409330
1 1 2 1 0 	3.766266
1 1 2 1 1 	-5.631417
1 1 2 1 2 	-32.722869
1 1 2 1 3 	-4.080249
1 1 2 2 0 	-3.427601
1 1 2 2 1 	-6.802618
1 1 2 2 2 	-13.415033
1 1 2 2 3 	0.814412
1 1 2 3 0 	66.215578
1 1 2 3 1 	1.683297
1 1 2 3 2 	-1.079662
1 1 2 3 3 	-3.627297
1 1 3 0 0 	-43.711637
1 1 3 0 1 	-6.828434
1 1 3 0 2 	-2.621043
1 1 3 0 3 	-5.373004
1 1 3 1 0 	14.952733
1 1 3 1 1 	-13.606037
1 1 3 1 2 	16.700263
1 1 3 1 3 	-4.569537
1 1 3 2 0 	4.640109
1 1 3 2 1 	-6.028726
1 1 3 2 2 	-2.425924
1 1 3 2 3 	3.891925
1 1 3 3 0 	-3.253458
1 1 3 3 1 	0.115467
1 1 3 3 2 	3.307524
1 1 3 3 3 	-2.603955
1 2 0 0 0 	-11.067192
1 2 0 0 1 	-6.300170
1 2 0 0 2 	3.315144
1 2 0 0 3 	3.026808
1 2 0 1 0 	-0.770636
1 2 0 1 1 	8.193051
1 2 0 1 2 	1.158286
1 2 0 1 3 	-8.659332
1 2 0 2 0 	16.844994
1 2 0 2 1 	-8.262767
1 2 0 2 2 	2.290811
1 2 0 2 3 	-7.200803
1 2 0 3 0 	-32.568256
1 2 0 3 1 	0.927847
1 2 0 3 2 	12.781648
1 2 0 3 3 	-3.422178
1 2 1 0 0 	-0.769093
1 2 1 0 1 	-83.605869
1 2 1 0 2 	-9.870792
1 2 1 0 3 	35.016976
1 2 1 1 0 	-90.875121
1 2 1 1 1 	-7.945106
1 2 1 1 2 	-1.578843
1 2 1 1 3 	-2.728413
1 2 1 2 0 	-6.566525
1 2 1 2 1 	6.928925
1 2 1 2 2 	1.333804
1 2 1 2 3 	-4.642075
1 2 1 3 0 	0.117232
1 2 1 3 1 	-12.690159
1 2 1 3 2 	-6.837932
1 2 1 3 3 	-1.479403
1 2 2 0 0 	-3.378357
1 2 2 0 1 	-3.285233
1 2 2 0 2 	-3.800683
1 2 2 0 3 	-4.306010
1 2 2 1 0 	-5.755857
1 2 2 1 1 	-1.637835
1 2 2 1 2 	-3.167483
1 2 2 1 3 	-45.551372
1 2 2 2 0 	-2.011825
1 2 2 2 1 	-43.695838
1 2 2 2 2 	7.856764
1 2 2 2 3 	-8.111705
1 2 2 3 0 	-4.991029
1 2 2 3 1 	0.024910
1 2 2 3 2 	-1.040745
1 2 2 3 3 	-6.537310
1 2 3 0 0 	-3.776238
1 2 3 0 1 	4.582786
1 2 3 0 2 	5.763324
1 2 3 0 3 	-92.827485
1 2 3 1 0 	-0.191402
1 2 3 1 1 	7.481965
1 2 3 1 2 	-4.099637
1 2 3 1 3 	2.668115
1 2 3 2 0 	1.363836
1 2 3 2 1 	-4.345925
1 2 3 2 2 	-0.069503
1 2 3 2 3 	-4.803444
1 2 3 3 0 	-2.640811
1 2 3 3 1 	1.054830
1 2 3 3 2 	-2.718300
1 2 3 3 3 	-7.388260
1 3 0 0 0 	-4.576310
1 3 0 0 1 	-4.048673
1 3 0 0 2 	1.494907
1 3 0 0 3 	-5.750520
1 3 0 1 0 	-0.624384
1 3 0 1 1 	4.013351
1 3 0 1 2 	7.711061
1 3 0 1 3 	4.250381
1 3 0 2 0 	-33.693289
1 3 0 2 1 	-3.663625
1 3 0 2 2 	-5.523975
1 3 0 2 3 	5.746357
1 3 0 3 0 	2.497776
1 3 0 3 1 	-31.327812
1 3 0 3 2 	0.911345
1 3 0 3 3 	-2.415202
1 3 1 0 0 	4.830068
1 3 1 0 1 	2.131389
1 3 1 0 2 	-10.738309
1 3 1 0 3 	-2.167054
1 3 1 1 0 	3.615511
1 3 1 1 1 	0.911845
1 3 1 1 2 	-0.979183
1 3 1 1 3 	-10.225298
1 3 1 2 0 	-45.865669
1 3 1 2 1 	-4.926677
1 3 1 2 2 	11.482539
1 3 1 2 3 	-5.482277
1 3 1 3 0 	-1.867328
1 3 1 3 1 	13.158214
1 3 1 3 2 	4.067981
1 3 1 3 3 	-0.427494
1 3 2 0 0 	13.024271
1 3 2 0 1 	-1.224094
1 3 2 0 2 	0.334296
1 3 2 0 3 	-0.963300
1 3 2 1 0 	1.504428
1 3 2 1 1 	-23.433092
1 3 2 1 2 	-20.058114
1 3 2 1 3 	-6.201033
1 3 2 2 0 	-0.094030
1 3 2 2 1 	13.618175
1 3 2 2 2 	0.761738
1 3 2 2 3 	-4.739515
1 3 2 3 0 	-30.353861
1 3 2 3 1 	3.576715
1 3 2 3 2 	-4.906725
1 3 2 3 3 	3.695465
1 3 3 0 0 	-4.733844
1 3 3 0 1 	-3.276254
1 3 3 0 2 	-8.787245
1 3 3 0 3 	5.133587
1 3 3 1 0 	3.273037
1 3 3 1 1 	5.817643
1 3 3 1 2 	-1.418413
1 3 3 1 3 	9.276374
1 3 3 2 0 	3.106599
1 3 3 2 1 	-2.547262
1 3 3 2 2 	-2.067855
1 3 3 2 3 	-1.554566
1 3 3 3 0 	-0.618947
1 3 3 3 1 	-7.817553
1 3 3 3 2 	-91.004175
1 3 3 3 3 	-4.494528
2 0 0 0 0 	2.580263
2 0 0 0 1 	6.703853
2 0 0 0 2 	2.685973
2 0 0 0 3 	-5.000077
2 0 0 1 0 	-1.088202
2 0 0 1 1 	4.298937
2 0 0 1 2 	1.568133
2 0 0 1 3 	-9.688487
2 0 0 2 0 	6.696891
2 0 0 2 1 	-3.023975
2 0 0 2 2 	-10.964350
2 0 0 2 3 	-9.615560
2 0 0 3 0 	-22.853337
2 0 0 3 1 	2.115744
2 0 0 3 2 	-4.108278
2 0 0 3 3 	9.755837
2 0 1 0 0 	-3.161743
2 0 1 0 1 	-4.216348
2 0 1 0 2 	2.558770
2 0 1 0 3 	9.539210
2 0 1 1 0 	-4.360703
2 0 1 1 1 	-6.012421
2 0 1 1 2 	5.334821
2 0 1 1 3 	-23.829004
2 0 1 2 0 	3.038251
2 0 1 2 1 	-2.703725
2 0 1 2 2 	3.846630
2 0 1 2 3 	-54.433587
2 0 1 3 0 	-47.398169
2 0 1 3 1 	-10.449596
2 0 1 3 2 	-2.429730
2 0 1 3 3 	-4.875485
2 0 2 0 0 	-10.092140
2 0 2 0 1 	-0.510369
2 0 2 0 2 	3.362824
2 0 2 0 3 	5.269194
2 0 2 1 0 	8.839580
2 0 2 1 1 	-13.286358
2 0 2 1 2 	0.978339
2 0 2 1 3 	-5.287999
2 0 2 2 0 	-5.017626
2 0 2 2 1 	-10.799816
2 0 2 2 2 	2.832286
2 0 2 2 3 	-13.715073
2 0 2 3 0 	-6.220765
2 0 2 3 1 	7.059941
2 0 2 3 2 	5.206022
2 0 2 3 3 	5.320993
2 0 3 0 0 	-1.382095
2 0 3 0 1 	4.754467
2 0 3 0 2 	-7.538788
2 0 3 0 3 	2.604478
2 0 3 1 0 	-3.939596
2 0 3 1 1 	2.729291
2 0 3 1 2 	5.682239
2 0 3 1 3 	-3.583521
2 0 3 2 0 	-3.638526
2 0 3 2 1 	-4.796263
2 0 3 2 2 	2.074210
2 0 3 2 3 	33.276891
2 0 3 3 0 	3.237736
2 0 3 3 1 	-5.386520
2 0 3 3 2 	-4.039952
2 0 3 3 3 	-4.703710
2 1 0 0 0 	-3.205536
2 1 0 0 1 	2.530349
2 1 0 0 2 	-0.523693
2 1 0 0 3 	-5.211593
2 1 0 1 0 	-8.103945
2 1 0 1 1 	-5.323144
2 1 0 1 2 	-82.141020
2 1 0 1 3 	-2.752529
2 1 0 2 0 	-3.167747
2 1 0 2 1 	11.415793
2 1 0 2 2 	-2.450505
2 1 0 2 3 	-2.557365
2 1 0 3 0 	-0.298600
2 1 0 3 1 	-4.293463
2 1 0 3 2 	-4.538938
2 1 0 3 3 	1.319444
2 1 1 0 0 	-5.566219
2 1 1 0 1 	-3.152535
2 1 1 0 2 	5.972744
2 1 1 0 3 	-12.154528
2 1 1 1 0 	-0.138926
2 1 1 1 1 	6.091596
2 1 1 1 2 	-18.627921
2 1 1 1 3 	-3.362920
2 1 1 2 0 	0.267612
2 1 1 2 1 	-4.342474
2 1 1 2 2 	6.854846
2 1 1 2 3 	-0.965351
2 1 1 3 0 	3.865850
2 1 1 3 1 	5.903060
2 1 1 3 2 	16.323883
2 1 1 3 3 	2.180672
2 1 2 0 0 	7.392154
2 1 2 0 1 	-27.385972
2 1 2 0 2 	13.723183
2 1 2 0 3 	-4.376033
2 1 2 1 0 	-3.882135
2 1 2 1 1 	15.898164
2 1 2 1 2 	-13.947690
2 1 2 1 3 	2.297814
2 1 2 2 0 	-4.622619
2 1 2 2 1 	-4.789260
2 1 2 2 2 	-2.847602
2 1 2 2 3 	-42.563544
2 1 2 3 0 	4.930056
2 1 2 3 1 	-1.705663
2 1 2 3 2 	-2.874609
2 1 2 3 3 	3.996693
2 1 3 0 0 	3.762852
2 1 3 0 1 	-3.128178
2 1 3 0 2 	12.255845
2 1 3 0 3 	9.113662
2 1 3 1 0 	4.125555
2 1 3 1 1 	0.205652
2 1 3 1 2 	26.573092
2 1 3 1 3 	-3.299676
2 1 3 2 0 	-9.357842
2 1 3 2 1 	-7.370565
2 1 3 2 2 	2.087233
2 1 3 2 3 	-7.244166
2 1 3 3 0 	1.907306
2 1 3 3 1 	-2.406367
2 1 3 3 2 	0.867306
2 1 3 3 3 	-1.547465
2 2 0 0 0 	5.235795
2 2 0 0 1 	-10.838561
2 2 0 0 2 	1.008959
2 2 0 0 3 	-0.449154
2 2 0 1 0 	3.377228
2 2 0 1 1 	-7.114911
2 2 0 1 2 	-4.575145
2 2 0 1 3 	2.215407
2 2 0 2 0 	47.425570
2 2 0 2 1 	4.572893
2 2 0 2 2 	-2.014357
2 2 0 2 3 	-8.406764
2 2 0 3 0 	2.772765
2 2 0 3 1 	11.093491
2 2 0 3 2 	8.758129
2 2 0 3 3 	-6.706632
2 2 1 0 0 	-3.756177
2 2 1 0 1 	4.176092
2 2 1 0 2 	-55.411776
2 2 1 0 3 	6.013099
2 2 1 1 0 	-10.641227
2 2 1 1 1 	3.261460
2 2 1 1 2 	-0.199753
2 2 1 1 3 	-6.295503
2 2 1 2 0 	0.042825
2 2 1 2 1 	1.736855
2 2 1 2 2 	-1.394358
2 2 1 2 3 	-2.968641
2 2 1 3 0 	70.969062
2 2 1 3 1 	4.078412
2 2 1 3 2 	5.069074
2 2 1 3 3 	-15.456910
2 2 2 0 0 	72.385216
2 2 2 0 1 	68.253198
2 2 2 0 2 	6.698473
2 2 2 0 3 	-7.048432
2 2 2 1 0 	77.285062
2 2 2 1 1 	4.479378
2 2 2 1 2 	6.067281
2 2 2 1 3 	19.901447
2 2 2 2 0 	17.112319
2 2 2 2 1 	100.000000
2 2 2 2 2 	-3.374155
2 2 2 2 3 	30.798990
2 2 2 3 0 	13.213207
2 2 2 3 1 	1.839508
2 2 2 3 2 	5.489658
2 2 2 3 3 	14.107463
2 2 3 0 0 	-3.459163
2 2 3 0 1 	10.311414
2 2 3 0 2 	2.499547
2 2 3 0 3 	4.846756
2 2 3 1 0 	3.961304
2 2 3 1 1 	-0.610901
2 2 3 1 2 	4.867640
2 2 3 1 3 	9.279106
2 2 3 2 0 	7.753839
2 2 3 2 1 	0.527653
2 2 3 2 2 	-2.451934
2 2 3 2 3 	8.255840
2 2 3 3 0 	4.375302
2 2 3 3 1 	-5.176312
2 2 3 3 2 	2.831556
2 2 3 3 3 	-6.978581
2 3 0 0 0 	-11.095966
2 3 0 0 1 	3.232244
2 3 0 0 2 	1.240619
2 3 0 0 3 	-9.000721
2 3 0 1 0 	-8.408684
2 3 0 1 1 	-6.071193
2 3 0 1 2 	3.914876
2 3 0 1 3 	-10.425228
2 3 0 2 0 	-1.713768
2 3 0 2 1 	35.586380
2 3 0 2 2 	-14.181917
2 3 0 2 3 	1.402221
2 3 0 3 0 	5.923651
2 3 0 3 1 	-5.176510
2 3 0 3 2 	-10.928834
2 3 0 3 3 	-59.502125
2 3 1 0 0 	2.147114
2 3 1 0 1 	-2.547893
2 3 1 0 2 	-6.906246
2 3 1 0 3 	7.966083
2 3 1 1 0 	82.727223
2 3 1 1 1 	7.386120
2 3 1 1 2 	-11.536762
2 3 1 1 3 	3.741202
2 3 1 2 0 	-54.583517
2 3 1 2 1 	7.978946
2 3 1 2 2 	2.860881
2 3 1 2 3 	-1.253439
2 3 1 3 0 	-19.344988
2 3 1 3 1 	-32.356801
2 3 1 3 2 	-1.563165
2 3 1 3 3 	-6.529659
2 3 2 0 0 	-2.267339
2 3 2 0 1 	6.067502
2 3 2 0 2 	3.208755
2 3 2 0 3 	-1.546254
2 3 2 1 0 	-2.249495
2 3 2 1 1 	2.198718
2 3 2 1 2 	20.886599
2 3 2 1 3 	-4.419197
2 3 2 2 0 	6.587017
2 3 2 2 1 	-11.372166
2 3 2 2 2 	-1.564706
2 3 2 2 3 	-2.010031
2 3 2 3 0 	-3.963121
2 3 2 3 1 	-1.728427
2 3 2 3 2 	5.542871
2 3 2 3 3 	1.377756
2 3 3 0 0 	4.745742
2 3 3 0 1 	-2.946298
2 3 3 0 2 	-0.805010
2 3 3 0 3 	-13.386968
2 3 3 1 0 	-7.034589
2 3 3 1 1 	0.268271
2 3 3 1 2 	-16.671347
2 3 3 1 3 	-3.460676
2 3 3 2 0 	0.842433
2 3 3 2 1 	1.256013
2 3 3 2 2 	3.869818
2 3 3 2 3 	5.084946
2 3 3 3 0 	-2.722894
2 3 3 3 1 	-58.859730
2 3 3 3 2 	-1.231999
2 3 3 3 3 	-3.998025
3 0 0 0 0 	-4.151097
3 0 0 0 1 	-4.352936
3 0 0 0 2 	3.481190
3 0 0 0 3 	-0.335129
3 0 0 1 0 	-8.204801
3 0 0 1 1 	-3.290269
3 0 0 1 2 	-8.055038
3 0 0 1 3 	0.285119
3 0 0 2 0 	1.182170
3 0 0 2 1 	-12.463762
3 0 0 2 2 	11.942461
3 0 0 2 3 	4.046864
3 0 0 3 0 	-0.381606
3 0 0 3 1 	-9.330277
3 0 0 3 2 	-9.098780
3 0 0 3 3 	6.614517
3 0 1 0 0 	-2.449992
3 0 1 0 1 	3.104687
3 0 1 0 2 	-7.451553
3 0 1 0 3 	3.829490
3 0 1 1 0 	-0.790872
3 0 1 1 1 	6.979577
3 0 1 1 2 	-6.927720
3 0 1 1 3 	-0.904217
3 0 1 2 0 	0.804046
3 0 1 2 1 	-4.782195
3 0 1 2 2 	4.613931
3 0 1 2 3 	91.790569
3 0 1 3 0 	1.825459
3 0 1 3 1 	8.613414
3 0 1 3 2 	9.388245
3 0 1 3 3 	-0.946741
3 0 2 0 0 	-7.585823
3 0 2 0 1 	-2.516947
3 0 2 0 2 	-5.329687
3 0 2 0 3 	-61.159691
3 0 2 1 0 	0.908692
3 0 2 1 1 	3.065138
3 0 2 1 2 	-1.790924
3 0 2 1 3 	-3.979478
3 0 2 2 0 	-3.354728
3 0 2 2 1 	-7.566495
3 0 2 2 2 	-5.659502
3 0 2 2 3 	-77.536075
3 0 2 3 0 	-5.255312
3 0 2 3 1 	8.886403
3 0 2 3 2 	-8.707373
3 0 2 3 3 	-2.757112
3 0 3 0 0 	-9.311232
3 0 3 0 1 	-3.171181
3 0 3 0 2 	-5.942435
3 0 3 0 3 	-3.704372
3 0 3 1 0 	-4.044108
3 0 3 1 1 	-0.980657
3 0 3 1 2 	-3.476976
3 0 3 1 3 	-23.443486
3 0 3 2 0 	4.642899
3 0 3 2 1 	3.528803
3 0 3 2 2 	-8.267473
3 0 3 2 3 	2.876676
3 0 3 3 0 	-9.189403
3 0 3 3 1 	37.515509
3 0 3 3 2 	-9.409447
3 0 3 3 3 	0.218376
3 1 0 0 0 	-4.607501
3 1 0 0 1 	7.403131
3 1 0 0 2 	3.616731
3 1 0 0 3 	-3.375346
3 1 0 1 0 	2.537047
3 1 0 1 1 	-2.754397
3 1 0 1 2 	4.128393
3 1 0 1 3 	-6.561295
3 1 0 2 0 	13.140552
3 1 0 2 1 	-11.241226
3 1 0 2 2 	5.135632
3 1 0 2 3 	0.649171
3 1 0 3 0 	-2.322216
3 1 0 3 1 	-4.308693
3 1 0 3 2 	5.263886
3 1 0 3 3 	-13.395716
3 1 1 0 0 	1.374283
3 1 1 0 1 	4.892696
3 1 1 0 2 	2.409143
3 1 1 0 3 	-8.918087
3 1 1 1 0 	-0.503723
3 1 1 1 1 	-9.460195
3 1 1 1 2 	0.827671
3 1 1 1 3 	0.491524
3 1 1 2 0 	9.460159
3 1 1 2 1 	4.299151
3 1 1 2 2 	-12.909939
3 1 1 2 3 	3.289822
3 1 1 3 0 	4.970161
3 1 1 3 1 	-1.934881
3 1 1 3 2 	-2.740249
3 1 1 3 3 	-22.847593
3 1 2 0 0 	6.269253
3 1 2 0 1 	0.802265
3 1 2 0 2 	-1.519467
3 1 2 0 3 	2.186035
3 1 2 1 0 	27.996793
3 1 2 1 1 	2.926608
3 1 2 1 2 	0.153858
3 1 2 1 3 	8.039064
3 1 2 2 0 	-5.027385
3 1 2 2 1 	0.659873
3 1 2 2 2 	11.887937
3 1 2 2 3 	72.360430
3 1 2 3 0 	0.807913
3 1 2 3 1 	1.326783
3 1 2 3 2 	-7.870656
3 1 2 3 3 	-2.636845
3 1 3 0 0 	4.068123
3 1 3 0 1 	4.232965
3 1 3 0 2 	-6.369142
3 1 3 0 3 	-3.585530
3 1 3 1 0 	3.611919
3 1 3 1 1 	5.730460
3 1 3 1 2 	0.781971
3 1 3 1 3 	6.235854
3 1 3 2 0 	1.722526
3 1 3 2 1 	-11.137867
3 1 3 2 2 	-4.858690
3 1 3 2 3 	-14.616559
3 1 3 3 0 	-0.630499
3 1 3 3 1 	17.898829
3 1 3 3 2 	-3.698847
3 1 3 3 3 	-1.118382
3 2 0 0 0 	-10.026056
3 2 0 0 1 	-8.602057
3 2 0 0 2 	-37.121051
3 2 0 0 3 	-54.457548
3 2 0 1 0 	-15.683993
3 2 0 1 1 	-2.329150
3 2 0 1 2 	-8.465509
3 2 0 1 3 	1.061710
3 2 0 2 0 	0.968743
3 2 0 2 1 	-4.561902
3 2 0 2 2 	-1.699626
3 2 0 2 3 	11.812447
3 2 0 3 0 	-5.571529
3 2 0 3 1 	-8.965403
3 2 0 3 2 	4.035388
3 2 0 3 3 	-3.471341
3 2 1 0 0 	4.778113
3 2 1 0 1 	-4.478754
3 2 1 0 2 	4.214974
3 2 1 0 3 	-10.484225
3 2 1 1 0 	4.330173
3 2 1 1 1 	-2.449949
3 2 1 1 2 	-2.787765
3 2 1 1 3 	1.628973
3 2 1 2 0 	-21.664862
3 2 1 2 1 	-11.398759
3 2 1 2 2 	-15.342678
3 2 1 2 3 	-0.726379
3 2 1 3 0 	-6.653492
3 2 1 3 1 	-5.202099
3 2 1 3 2 	-5.058211
3 2 1 3 3 	8.138856
3 2 2 0 0 	-3.008313
3 2 2 0 1 	5.026498
3 2 2 0 2 	-1.401173
3 2 2 0 3 	2.590147
3 2 2 1 0 	-3.399722
3 2 2 1 1 	-4.394765
3 2 2 1 2 	-3.006212
3 2 2 1 3 	0.060933
3 2 2 2 0 	3.899831
3 2 2 2 1 	1.505127
3 2 2 2 2 	7.744608
3 2 2 2 3 	0.509115
3 2 2 3 0 	-14.737824
3 2 2 3 1 	-5.323407
3 2 2 3 2 	1.780598
3 2 2 3 3 	-4.374111
3 2 3 0 0 	-2.573072
3 2 3 0 1 	-17.163215
3 2 3 0 2 	5.612994
3 2 3 0 3 	-8.350899
3 2 3 1 0 	-6.515197
3 2 3 1 1 	-4.702138
3 2 3 1 2 	4.497487
3 2 3 1 3 	-20.542525
3 2 3 2 0 	-3.558938
3 2 3 2 1 	-2.010679
3 2 3 2 2 	-8.995808
3 2 3 2 3 	2.683420
3 2 3 3 0 	-12.014556
3 2 3 3 1 	-6.829356
3 2 3 3 2 	-6.437716
3 2 3 3 3 	-4.271744
3 3 0 0 0 	-5.321252
3 3 0 0 1 	7.583290
3 3 0 0 2 	-11.729161
3 3 0 0 3 	0.702190
3 3 0 1 0 	7.604587
3 3 0 1 1 	4.673396
3 3 0 1 2 	4.351125
3 3 0 1 3 	-20.546498
3 3 0 2 0 	1.116437
3 3 0 2 1 	-1.873337
3 3 0 2 2 	3.685528
3 3 0 2 3 	-2.196118
3 3 0 3 0 	0.367211
3 3 0 3 1 	7.832633
3 3 0 3 2 	-0.479515
3 3 0 3 3 	-29.033036
3 3 1 0 0 	5.877684
3 3 1 0 1 	-19.784780
3 3 1 0 2 	1.436784
3 3 1 0 3 	-8.596765
3 3 1 1 0 	-22.815132
3 3 1 1 1 	0.360665
3 3 1 1 2 	2.136788
3 3 1 1 3 	4.439476
3 3 1 2 0 	-2.276526
3 3 1 2 1 	-19.481029
3 3 1 2 2 	-3.121434
3 3 1 2 3 	-5.231331
3 3 1 3 0 	-3.415163
3 3 1 3 1 	1.650232
3 3 1 3 2 	14.626777
3 3 1 3 3 	-3.602333
3 3 2 0 0 	4.812857
3 3 2 0 1 	-7.649622
3 3 2 0 2 	6.769398
3 3 2 0 3 	-1.676806
3 3 2 1 0 	-5.802271
3 3 2 1 1 	-3.073189
3 3 2 1 2 	9.214653
3 3 2 1 3 	0.300734
3 3 2 2 0 	1.886269
3 3 2 2 1 	-4.696339
3 3 2 2 2 	-7.539250
3 3 2 2 3 	-3.407504
3 3 2 3 0 	-7.313090
3 3 2 3 1 	-27.468771
3 3 2 3 2 	-9.851331
3 3 2 3 3 	-2.876953
3 3 3 0 0 	-4.215418
3 3 3 0 1 	-16.205739
3 3 3 0 2 	-3.386181
3 3 3 0 3 	-2.150502
3 3 3 1 0 	-3.225471
3 3 3 1 1 	2.728252
3 3 3 1 2 	-3.906644
3 3 3 1 3 	0.887932
3 3 3 2 0 	17.496843
3 3 3 2 1 	-7.284427
3 3 3 2 2 	0.062351
3 3 3 2 3 	5.637271
3 3 3 3 0 	-21.737825
3 3 3 3 1 	-25.145714
3 3 3 3 2 	4.778730
3 3 3 3 3 	-19.423509

