5	1024
0 0 0 0 0 	-1.074013
0 0 0 0 1 	-4.472525
0 0 0 0 2 	-2.171717
0 0 0 0 3 	4.136949
0 0 0 1 0 	-4.337735
0 0 0 1 1 	-16.183436
0 0 0 1 2 	-4.121186
0 0 0 1 3 	-5.212299
0 0 0 2 0 	2.103040
0 0 0 2 1 	-1.756203
0 0 0 2 2 	-12.449662
0 0 0 2 3 	18.131522
0 0 0 3 0 	-2.425717
0 0 0 3 1 	3.305710
0 0 0 3 2 	-1.102845
0 0 0 3 3 	-0.625223
0 0 1 0 0 	-4.041431
0 0 1 0 1 	-0.688056
0 0 1 0 2 	5.724507
0 0 1 0 3 	-1.208470
0 0 1 1 0 	8.032283
0 0 1 1 1 	14.487641
0 0 1 1 2 	13.883404
0 0 1 1 3 	6.019857
0 0 1 2 0 	3.500986
0 0 1 2 1 	-0.043287
0 0 1 2 2 	-4.432587
0 0 1 2 3 	4.775777
0 0 1 3 0 	2.795127
0 0 1 3 1 	-7.402812
0 0 1 3 2 	-26.947295
0 0 1 3 3 	-7.617352
0 0 2 0 0 	-1.835564
0 0 2 0 1 	0.932397
0 0 2 0 2 	3.009765
0 0 2 0 3 	-8.655230
0 0 2 1 0 	4.151435
0 0 2 1 1 	7.753900
0 0 2 1 2 	7.045019
0 0 2 1 3 	-62.940784
0 0 2 2 0 	-0.933416
0 0 2 2 1 	8.087564
0 0 2 2 2 	12.230167
0 0 2 2 3 	5.117245
0 0 2 3 0 	5.813941
0 0 2 3 1 	-1.796522
0 0 2 3 2 	0.912938
0 0 2 3 3 	-14.897836
0 0 3 0 0 	1.003906
0 0 3 0 1 	-7.464049
0 0 3 0 2 	9.067648
0 0 3 0 3 	-14.557617
0 0 3 1 0 	2.751449
0 0 3 1 1 	7.639044
0 0 3 1 2 	1.552414
0 0 3 1 3 	-10.332263
0 0 3 2 0 	-1.280506
0 0 3 2 1 	4.370929
0 0 3 2 2 	-12.414645
0 0 3 2 3 	-5.822689
0 0 3 3 0 	-13.250947
0 0 3 3 1 	30.639014
0 0 3 3 2 	15.817758
0 0 3 3 3 	-3.729606
0 1 0 0 0 	4.229051
0 1 0 0 1 	13.937795
0 1 0 0 2 	0.814653
0 1 0 0 3 	-16.341005
0 1 0 1 0 	-2.357420
0 1 0 1 1 	3.298257
0 1 0 1 2 	7.229357
0 1 0 1 3 	-0.263284
0 1 0 2 0 	1.412242
0 1 0 2 1 	2.304466
0 1 0 2 2 	-3.810749
0 1 0 2 3 	-4.268111
0 1 0 3 0 	-0.869815
0 1 0 3 1 	1.430910
0 1 0 3 2 	-15.265795
0 1 0 3 3 	0.377578
0 1 1 0 0 	-8.166380
0 1 1 0 1 	2.195016
0 1 1 0 2 	31.203789
0 1 1 0 3 	2.587572
0 1 1 1 0 	0.024411
0 1 1 1 1 	-1.227606
0 1 1 1 2 	74.980469
0 1 1 1 3 	13.126809
0 1 1 2 0 	-0.533554
0 1 1 2 1 	-2.184384
0 1 1 2 2 	7.827374
0 1 1 2 3 	3.142820
0 1 1 3 0 	-4.152931
0 1 1 3 1 	-5.012778
0 1 1 3 2 	3.004863
0 1 1 3 3 	1.123728
0 1 2 0 0 	0.013005
0 1 2 0 1 	0.462054
0 1 2 0 2 	-6.055261
0 1 2 0 3 	-2.391055
0 1 2 1 0 	-0.436288
0 1 2 1 1 	-3.860073
0 1 2 1 2 	2.704786
0 1 2 1 3 	1.734089
0 1 2 2 0 	1.319469
0 1 2 2 1 	14.349822
0 1 2 2 2 	-7.682906
0 1 2 2 3 	-2.126765
0 1 2 3 0 	6.397583
0 1 2 3 1 	-27.078461
0 1 2 3 2 	8.167359
0 1 2 3 3 	12.653159
0 1 3 0 0 	-3.059092
0 1 3 0 1 	3.482504
0 1 3 0 2 	-0.322506
0 1 3 0 3 	1.299963
0 1 3 1 0 	-5.701881
0 1 3 1 1 	5.413583
0 1 3 1 2 	-68.149138
0 1 3 1 3 	-1.193295
0 1 3 2 0 	2.545983
0 1 3 2 1 	-5.245342
0 1 3 2 2 	-8.212347
0 1 3 2 3 	-8.390110
0 1 3 3 0 	-1.301268
0 1 3 3 1 	46.837466
0 1 3 3 2 	0.011513
0 1 3 3 3 	3.429855
0 2 0 0 0 	-18.428217
0 2 0 0 1 	3.730849
0 2 0 0 2 	-1.791167
0 2 0 0 3 	1.367769
0 2 0 1 0 	-11.173985
0 2 0 1 1 	4.398822
0 2 0 1 2 	14.542365
0 2 0 1 3 	-2.603256
0 2 0 2 0 	-6.089913
0 2 0 2 1 	0.202012
0 2 0 2 2 	6.872930
0 2 0 2 3 	-6.417826
0 2 0 3 0 	-14.714883
0 2 0 3 1 	2.261238
0 2 0 3 2 	-13.314525
0 2 0 3 3 	-0.716352
0 2 1 0 0 	-1.114343
0 2 1 0 1 	2.509454
0 2 1 0 2 	-0.224512
0 2 1 0 3 	-1.833458
0 2 1 1 0 	1.139570
0 2 1 1 1 	-2.896882
0 2 1 1 2 	2.349554
0 2 1 1 3 	2.976510
0 2 1 2 0 	-1.719639
0 2 1 2 1 	-3.858210
0 2 1 2 2 	-4.956166
0 2 1 2 3 	-11.639457
0 2 1 3 0 	7.820639
0 2 1 3 1 	-2.201246
0 2 1 3 2 	-3.398495
0 2 1 3 3 	4.169333
0 2 2 0 0 	16.017720
0 2 2 0 1 	-5.673067
0 2 2 0 2 	-3.650319
0 2 2 0 3 	63.090576
0 2 2 1 0 	6.419897
0 2 2 1 1 	0.806818
0 2 2 1 2 	3.229400
0 2 2 1 3 	-15.000382
0 2 2 2 0 	0.762793
0 2 2 2 1 	-3.263289
0 2 2 2 2 	-2.995306
0 2 2 2 3 	1.760744
0 2 2 3 0 	1.249587
0 2 2 3 1 	1.966912
0 2 2 3 2 	-1.367616
0 2 2 3 3 	2.260387
0 2 3 0 0 	-3.752141
0 2 3 0 1 	-2.247982
0 2 3 0 2 	-2.554194
0 2 3 0 3 	9.342044
0 2 3 1 0 	-24.959773
0 2 3 1 1 	-6.648117
0 2 3 1 2 	7.768431
0 2 3 1 3 	-7.390004
0 2 3 2 0 	-7.139241
0 2 3 2 1 	7.833624
0 2 3 2 2 	-7.728855
0 2 3 2 3 	-0.743673
0 2 3 3 0 	5.334126
0 2 3 3 1 	0.581547
0 2 3 3 2 	4.350588
0 2 3 3 3 	-5.768516
0 3 0 0 0 	-5.071435
0 3 0 0 1 	-1.408620
0 3 0 0 2 	6.746288
0 3 0 0 3 	-6.207243
0 3 0 1 0 	-12.727639
0 3 0 1 1 	14.337545
0 3 0 1 2 	4.137285
0 3 0 1 3 	-3.730353
0 3 0 2 0 	0.252856
0 3 0 2 1 	14.532822
0 3 0 2 2 	3.836218
0 3 0 2 3 	3.470859
0 3 0 3 0 	-2.985212
0 3 0 3 1 	-1.501985
0 3 0 3 2 	2.464331
0 3 0 3 3 	-2.271889
0 3 1 0 0 	2.760743
0 3 1 0 1 	19.528653
0 3 1 0 2 	-2.315837
0 3 1 0 3 	-4.589971
0 3 1 1 0 	5.318700
0 3 1 1 1 	13.857203
0 3 1 1 2 	3.692093
0 3 1 1 3 	3.711039
0 3 1 2 0 	1.312631
0 3 1 2 1 	-4.213871
0 3 1 2 2 	4.710490
0 3 1 2 3 	4.548729
0 3 1 3 0 	5.171422
0 3 1 3 1 	-2.788908
0 3 1 3 2 	0.152630
0 3 1 3 3 	14.322052
0 3 2 0 0 	5.645142
0 3 2 0 1 	3.770710
0 3 2 0 2 	10.313977
0 3 2 0 3 	0.691543
0 3 2 1 0 	-15.263659
0 3 2 1 1 	10.889905
0 3 2 1 2 	-4.723235
0 3 2 1 3 	-1.432397
0 3 2 2 0 	-5.622581
0 3 2 2 1 	9.193710
0 3 2 2 2 	4.722011
0 3 2 2 3 	-7.222857
0 3 2 3 0 	-0.994262
0 3 2 3 1 	-0.744968
0 3 2 3 2 	-4.254806
0 3 2 3 3 	-10.300461
0 3 3 0 0 	-2.900373
0 3 3 0 1 	2.768540
0 3 3 0 2 	5.546711
0 3 3 0 3 	2.570019
0 3 3 1 0 	16.117082
0 3 3 1 1 	-24.628726
0 3 3 1 2 	-7.204317
0 3 3 1 3 	-0.121947
0 3 3 2 0 	2.059707
0 3 3 2 1 	-4.683622
0 3 3 2 2 	2.868455
0 3 3 2 3 	3.786339
0 3 3 3 0 	-4.239852
0 3 3 3 1 	2.782679
0 3 3 3 2 	-9.654732
0 3 3 3 3 	-18.039911
1 0 0 0 0 	-3.087833
1 0 0 0 1 	6.125421
1 0 0 0 2 	-46.005006
1 0 0 0 3 	-7.785733
1 0 0 1 0 	-6.506454
1 0 0 1 1 	2.036561
1 0 0 1 2 	-11.090514
1 0 0 1 3 	9.166265
1 0 0 2 0 	-2.955999
1 0 0 2 1 	1.714245
1 0 0 2 2 	-12.093095
1 0 0 2 3 	1.221438
1 0 0 3 0 	2.121721
1 0 0 3 1 	-5.226578
1 0 0 3 2 	-5.931880
1 0 0 3 3 	-0.761252
1 0 1 0 0 	4.195754
1 0 1 0 1 	-2.272246
1 0 1 0 2 	-2.977415
1 0 1 0 3 	-1.935788
1 0 1 1 0 	2.050479
1 0 1 1 1 	3.415381
1 0 1 1 2 	65.441338
1 0 1 1 3 	-3.540060
1 0 1 2 0 	-5.594284
1 0 1 2 1 	0.691747
1 0 1 2 2 	-1.226816
1 0 1 2 3 	-3.089527
1 0 1 3 0 	2.114615
1 0 1 3 1 	-4.478115
1 0 1 3 2 	-3.702960
1 0 1 3 3 	0.170510
1 0 2 0 0 	-0.123737
1 0 2 0 1 	-14.804156
1 0 2 0 2 	2.100967
1 0 2 0 3 	-1.270473
1 0 2 1 0 	-2.143893
1 0 2 1 1 	6.623454
1 0 2 1 2 	-11.193289
1 0 2 1 3 	21.228255
1 0 2 2 0 	-3.629097
1 0 2 2 1 	-2.078692
1 0 2 2 2 	9.762647
1 0 2 2 3 	-29.580945
1 0 2 3 0 	4.115219
1 0 2 3 1 	-4.291534
1 0 2 3 2 	2.501260
1 0 2 3 3 	-3.357708
1 0 3 0 0 	7.685974
1 0 3 0 1 	-5.243949
1 0 3 0 2 	-5.470794
1 0 3 0 3 	24.922317
1 0 3 1 0 	39.501382
1 0 3 1 1 	5.010126
1 0 3 1 2 	-2.575942
1 0 3 1 3 	10.891106
1 0 3 2 0 	-4.342214
1 0 3 2 1 	7.605982
1 0 3 2 2 	-21.139815
1 0 3 2 3 	-0.196575
1 0 3 3 0 	1.985291
1 0 3 3 1 	35.640117
1 0 3 3 2 	2.907437
1 0 3 3 3 	-3.423833
1 1 0 0 0 	5.604626
1 1 0 0 1 	-6.691630
1 1 0 0 2 	3.135973
1 1 0 0 3 	3.772429
1 1 0 1 0 	17.931192
1 1 0 1 1 	-7.224194
1 1 0 1 2 	-2.370985
1 1 0 1 3 	16.793487
1 1 0 2 0 	-3.838537
1 1 0 2 1 	-7.010579
1 1 0 2 2 	-1.164444
1 1 0 2 3 	6.392858
1 1 0 3 0 	-6.252319
1 1 0 3 1 	-4.359207
1 1 0 3 2 	1.877267
1 1 0 3 3 	-0.125829
1 1 1 0 0 	3.113373
1 1 1 0 1 	33.726434
1 1 1 0 2 	0.110686
1 1 1 0 3 	62.355193
1 1 1 1 0 	78.129946
1 1 1 1 1 	1.093749
1 1 1 1 2 	15.330996
1 1 1 1 3 	8.348115
1 1 1 2 0 	27.628364
1 1 1 2 1 	22.468864
1 1 1 2 2 	31.198996
1 1 1 2 3 	56.384921
1 1 1 3 0 	-25.064301
1 1 1 3 1 	-6.057142
1 1 1 3 2 	2.286780
1 1 1 3 3 	7.729953
1 1 2 0 0 	11.390912
1 1 2 0 1 	9.154625
1 1 2 0 2 	28.822955
1 1 2 0 3 	2.300093
1 1 2 1 0 	2.619879
1 1 2 1 1 	-12.317305
1 1 2 1 2 	-19.294450
1 1 2 1 3 	-3.476795
1 1 2 2 0 	2.465746
1 1 2 2 1 	-5.046699
1 1 2 2 2 	-13.512193
1 1 2 2 3 	5.051565
1 1 2 3 0 	78.115226
1 1 2 3 1 	0.888345
1 1 2 3 2 	1.175192
1 1 2 3 3 	-4.070895
1 1 3 0 0 	-89.592937
1 1 3 0 1 	-5.729025
1 1 3 0 2 	0.493491
1 1 3 0 3 	-6.720488
1 1 3 1 0 	7.982956
1 1 3 1 1 	-13.154360
1 1 3 1 2 	13.107641
1 1 3 1 3 	0.400955
1 1 3 2 0 	0.304125
1 1 3 2 1 	-18.485952
1 1 3 2 2 	-1.730545
1 1 3 2 3 	2.734341
1 1 3 3 0 	1.619919
1 1 3 3 1 	3.966267
1 1 3 3 2 	9.647887
1 1 3 3 3 	-2.017339
1 2 0 0 0 	-12.452872
1 2 0 0 1 	0.258455
1 2 0 0 2 	6.540175
1 2 0 0 3 	0.533225
1 2 0 1 0 	-3.101697
1 2 0 1 1 	1.026221
1 2 0 1 2 	10.676546
1 2 0 1 3 	-6.041408
1 2 0 2 0 	7.271698
1 2 0 2 1 	-15.548263
1 2 0 2 2 	-4.711188
1 2 0 2 3 	-4.258579
1 2 0 3 0 	-25.443304
1 2 0 3 1 	-11.716232
1 2 0 3 2 	4.738160
1 2 0 3 3 	-2.502375
1 2 1 0 0 	2.158422
1 2 1 0 1 	-13.774832
1 2 1 0 2 	-7.907088
1 2 1 0 3 	17.126195
1 2 1 1 0 	-90.176178
1 2 1 1 1 	-10.973822
1 2 1 1 2 	-0.595035
1 2 1 1 3 	-12.619218
1 2 1 2 0 	-8.176634
1 2 1 2 1 	4.999353
1 2 1 2 2 	1.733454
1 2 1 2 3 	0.593059
1 2 1 3 0 	7.344959
1 2 1 3 1 	0.829145
1 2 1 3 2 	-4.092807
1 2 1 3 3 	-0.303043
1 2 2 0 0 	-2.011415
1 2 2 0 1 	-19.321275
1 2 2 0 2 	-2.032237
1 2 2 0 3 	-2.294728
1 2 2 1 0 	-21.433394
1 2 2 1 1 	-3.324431
1 2 2 1 2 	-2.296490
1 2 2 1 3 	-7.459656
1 2 2 2 0 	-0.322007
1 2 2 2 1 	-52.041555
1 2 2 2 2 	5.906572
1 2 2 2 3 	-24.698567
1 2 2 3 0 	-0.091372
1 2 2 3 1 	0.192284
1 2 2 3 2 	-1.557157
1 2 2 3 3 	-7.265221
1 2 3 0 0 	-4.599292
1 2 3 0 1 	0.514977
1 2 3 0 2 	22.093653
1 2 3 0 3 	-61.703548
1 2 3 1 0 	0.503446
1 2 3 1 1 	6.633300
1 2 3 1 2 	-1.763692
1 2 3 1 3 	0.208381
1 2 3 2 0 	-0.799198
1 2 3 2 1 	-4.746389
1 2 3 2 2 	2.685244
1 2 3 2 3 	-3.688630
1 2 3 3 0 	-6.711127
1 2 3 3 1 	-2.081011
1 2 3 3 2 	0.494642
1 2 3 3 3 	-33.687127
1 3 0 0 0 	-12.208928
1 3 0 0 1 	-4.796100
1 3 0 0 2 	4.270606
1 3 0 0 3 	-6.769199
1 3 0 1 0 	-1.108610
1 3 0 1 1 	2.463216
1 3 0 1 2 	19.820947
1 3 0 1 3 	4.049575
1 3 0 2 0 	-82.611542
1 3 0 2 1 	-1.909941
1 3 0 2 2 	-4.040413
1 3 0 2 3 	-0.134435
1 3 0 3 0 	1.795190
1 3 0 3 1 	-22.875647
1 3 0 3 2 	-3.649517
1 3 0 3 3 	-5.980941
1 3 1 0 0 	3.654813
1 3 1 0 1 	-1.962980
1 3 1 0 2 	-7.798504
1 3 1 0 3 	-0.510890
1 3 1 1 0 	0.548768
1 3 1 1 1 	-0.544563
1 3 1 1 2 	0.844775
1 3 1 1 3 	-15.596345
1 3 1 2 0 	-30.021152
1 3 1 2 1 	-4.257322
1 3 1 2 2 	16.984917
1 3 1 2 3 	-4.272044
1 3 1 3 0 	5.433391
1 3 1 3 1 	5.849783
1 3 1 3 2 	2.836182
1 3 1 3 3 	1.638845
1 3 2 0 0 	4.579879
1 3 2 0 1 	2.469816
1 3 2 0 2 	-4.001893
1 3 2 0 3 	3.027552
1 3 2 1 0 	3.171947
1 3 2 1 1 	-44.234977
1 3 2 1 2 	-20.713225
1 3 2 1 3 	-2.806758
1 3 2 2 0 	-3.176570
1 3 2 2 1 	8.402308
1 3 2 2 2 	4.167056
1 3 2 2 3 	-3.578424
1 3 2 3 0 	-20.407722
1 3 2 3 1 	6.085348
1 3 2 3 2 	-4.021496
1 3 2 3 3 	0.361741
1 3 3 0 0 	-6.357283
1 3 3 0 1 	0.309215
1 3 3 0 2 	-7.568217
1 3 3 0 3 	2.221787
1 3 3 1 0 	2.428477
1 3 3 1 1 	7.074444
1 3 3 1 2 	-1.623275
1 3 3 1 3 	5.326837
1 3 3 2 0 	6.277341
1 3 3 2 1 	-0.748050
1 3 3 2 2 	-6.623159
1 3 3 2 3 	-5.807377
1 3 3 3 0 	-6.260175
1 3 3 3 1 	-11.321584
1 3 3 3 2 	-28.394984
1 3 3 3 3 	-0.600869
2 0 0 0 0 	6.028232
2 0 0 0 1 	11.728695
2 0 0 0 2 	13.109066
2 0 0 0 3 	-4.166396
2 0 0 1 0 	0.887348
2 0 0 1 1 	5.585295
2 0 0 1 2 	6.365507
2 0 0 1 3 	-9.647909
2 0 0 2 0 	7.144690
2 0 0 2 1 	2.302295
2 0 0 2 2 	-16.572568
2 0 0 2 3 	-7.024483
2 0 0 3 0 	-9.904959
2 0 0 3 1 	1.813430
2 0 0 3 2 	-3.145726
2 0 0 3 3 	1.393327
2 0 1 0 0 	0.639172
2 0 1 0 1 	-2.396085
2 0 1 0 2 	3.654358
2 0 1 0 3 	5.542256
2 0 1 1 0 	-9.778187
2 0 1 1 1 	-0.708901
2 0 1 1 2 	-3.114777
2 0 1 1 3 	-5.166347
2 0 1 2 0 	-1.006167
2 0 1 2 1 	1.183603
2 0 1 2 2 	2.913031
2 0 1 2 3 	-15.227504
2 0 1 3 0 	-20.144688
2 0 1 3 1 	-8.482457
2 0 1 3 2 	-3.581506
2 0 1 3 3 	8.607438
2 0 2 0 0 	-6.659113
2 0 2 0 1 	-4.554008
2 0 2 0 2 	8.323319
2 0 2 0 3 	6.479623
2 0 2 1 0 	4.286029
2 0 2 1 1 	-15.863471
2 0 2 1 2 	0.312088
2 0 2 1 3 	-2.831692
2 0 2 2 0 	-2.100582
2 0 2 2 1 	-17.905462
2 0 2 2 2 	11.136529
2 0 2 2 3 	-29.913233
2 0 2 3 0 	-5.453529
2 0 2 3 1 	5.941858
2 0 2 3 2 	-3.312373
2 0 2 3 3 	6.945442
2 0 3 0 0 	-1.357953
2 0 3 0 1 	5.288586
2 0 3 0 2 	-2.152449
2 0 3 0 3 	2.393270
2 0 3 1 0 	-4.367006
2 0 3 1 1 	4.943600
2 0 3 1 2 	1.970620
2 0 3 1 3 	-0.769129
2 0 3 2 0 	-10.765178
2 0 3 2 1 	-2.666662
2 0 3 2 2 	-0.368231
2 0 3 2 3 	75.740763
2 0 3 3 0 	-1.721667
2 0 3 3 1 	-7.547936
2 0 3 3 2 	-4.633599
2 0 3 3 3 	5.291538
2 1 0 0 0 	0.478583
2 1 0 0 1 	1.862768
2 1 0 0 2 	-0.892610
2 1 0 0 3 	6.334015
2 1 0 1 0 	-8.063805
2 1 0 1 1 	-7.673202
2 1 0 1 2 	-99.879662
2 1 0 1 3 	-0.764536
2 1 0 2 0 	-1.716944
2 1 0 2 1 	8.127758
2 1 0 2 2 	-2.650989
2 1 0 2 3 	-5.479568
2 1 0 3 0 	0.636546
2 1 0 3 1 	-5.882909
2 1 0 3 2 	-5.653644
2 1 0 3 3 	0.369244
2 1 1 0 0 	-1.464113
2 1 1 0 1 	-6.406121
2 1 1 0 2 	2.989196
2 1 1 0 3 	-26.455026
2 1 1 1 0 	5.224010
2 1 1 1 1 	4.734138
2 1 1 1 2 	-10.623912
2 1 1 1 3 	-0.445105
2 1 1 2 0 	-1.292250
2 1 1 2 1 	-4.275868
2 1 1 2 2 	8.813960
2 1 1 2 3 	-0.031590
2 1 1 3 0 	-4.203905
2 1 1 3 1 	1.980955
2 1 1 3 2 	1.419998
2 1 1 3 3 	-1.291193
2 1 2 0 0 	3.835495
2 1 2 0 1 	-15.907348
2 1 2 0 2 	-1.267608
2 1 2 0 3 	-7.326114
2 1 2 1 0 	-8.260074
2 1 2 1 1 	9.880095
2 1 2 1 2 	-12.314032
2 1 2 1 3 	1.064910
2 1 2 2 0 	-5.757778
2 1 2 2 1 	-2.608021
2 1 2 2 2 	-4.726940
2 1 2 2 3 	-53.258963
2 1 2 3 0 	-5.101294
2 1 2 3 1 	-3.287274
2 1 2 3 2 	-9.782021
2 1 2 3 3 	-0.233152
2 1 3 0 0 	2.958630
2 1 3 0 1 	-11.128711
2 1 3 0 2 	17.016994
2 1 3 0 3 	9.711275
2 1 3 1 0 	-0.828646
2 1 3 1 1 	1.605674
2 1 3 1 2 	5.942639
2 1 3 1 3 	-6.185222
2 1 3 2 0 	-12.265424
2 1 3 2 1 	-5.915438
2 1 3 2 2 	2.609513
2 1 3 2 3 	-4.680670
2 1 3 3 0 	2.985514
2 1 3 3 1 	-2.758480
2 1 3 3 2 	2.287054
2 1 3 3 3 	0.692058
2 2 0 0 0 	2.291758
2 2 0 0 1 	-16.540131
2 2 0 0 2 	-6.884754
2 2 0 0 3 	-3.534609
2 2 0 1 0 	8.152712
2 2 0 1 1 	-6.979387
2 2 0 1 2 	-7.202491
2 2 0 1 3 	-0.723431
2 2 0 2 0 	24.022268
2 2 0 2 1 	0.160071
2 2 0 2 2 	4.418384
2 2 0 2 3 	-17.004210
2 2 0 3 0 	13.484670
2 2 0 3 1 	90.611637
2 2 0 3 2 	0.622267
2 2 0 3 3 	-2.427981
2 2 1 0 0 	-6.155135
2 2 1 0 1 	5.519904
2 2 1 0 2 	-15.347148
2 2 1 0 3 	5.443657
2 2 1 1 0 	-8.557901
2 2 1 1 1 	-4.183180
2 2 1 1 2 	-3.257251
2 2 1 1 3 	-8.014230
2 2 1 2 0 	4.786960
2 2 1 2 1 	-7.358262
2 2 1 2 2 	-2.255557
2 2 1 2 3 	-0.600883
2 2 1 3 0 	84.266392
2 2 1 3 1 	1.745325
2 2 1 3 2 	3.949054
2 2 1 3 3 	-0.254547
2 2 2 0 0 	95.211695
2 2 2 0 1 	72.237298
2 2 2 0 2 	-0.990546
2 2 2 0 3 	-7.086640
2 2 2 1 0 	55.673949
2 2 2 1 1 	8.778293
2 2 2 1 2 	23.429963
2 2 2 1 3 	3.336446
2 2 2 2 0 	13.574889
2 2 2 2 1 	75.984881
2 2 2 2 2 	-2.942687
2 2 2 2 3 	44.819745
2 2 2 3 0 	21.364386
2 2 2 3 1 	6.924730
2 2 2 3 2 	2.427550
2 2 2 3 3 	21.833916
2 2 3 0 0 	-1.524096
2 2 3 0 1 	23.727207
2 2 3 0 2 	1.753223
2 2 3 0 3 	33.178554
2 2 3 1 0 	0.790714
2 2 3 1 1 	3.591465
2 2 3 1 2 	3.847541
2 2 3 1 3 	14.825046
2 2 3 2 0 	11.488235
2 2 3 2 1 	-4.781504
2 2 3 2 2 	-3.510137
2 2 3 2 3 	24.768956
2 2 3 3 0 	5.215915
2 2 3 3 1 	3.921271
2 2 3 3 2 	2.249856
2 2 3 3 3 	-10.497535
2 3 0 0 0 	-5.148291
2 3 0 0 1 	2.474504
2 3 0 0 2 	1.364334
2 3 0 0 3 	-5.505058
2 3 0 1 0 	-5.778338
2 3 0 1 1 	-4.567177
2 3 0 1 2 	-0.842962
2 3 0 1 3 	0.792215
2 3 0 2 0 	2.154334
2 3 0 2 1 	44.772460
2 3 0 2 2 	-7.511495
2 3 0 2 3 	-4.712025
2 3 0 3 0 	7.531813
2 3 0 3 1 	-9.768873
2 3 0 3 2 	-3.663071
2 3 0 3 3 	-63.110363
2 3 1 0 0 	-5.569913
2 3 1 0 1 	-2.756126
2 3 1 0 2 	-22.354418
2 3 1 0 3 	5.981661
2 3 1 1 0 	50.994512
2 3 1 1 1 	3.348528
2 3 1 1 2 	-12.113433
2 3 1 1 3 	-0.718283
2 3 1 2 0 	-9.546342
2 3 1 2 1 	3.501342
2 3 1 2 2 	15.000534
2 3 1 2 3 	-2.603857
2 3 1 3 0 	-5.747863
2 3 1 3 1 	-32.898394
2 3 1 3 2 	-4.164289
2 3 1 3 3 	-9.590737
2 3 2 0 0 	-0.774895
2 3 2 0 1 	5.347646
2 3 2 0 2 	4.186370
2 3 2 0 3 	10.941338
2 3 2 1 0 	-2.163187
2 3 2 1 1 	-1.488634
2 3 2 1 2 	12.065163
2 3 2 1 3 	-1.325734
2 3 2 2 0 	5.733403
2 3 2 2 1 	-14.202473
2 3 2 2 2 	-0.892718
2 3 2 2 3 	-1.758762
2 3 2 3 0 	-5.589430
2 3 2 3 1 	0.463381
2 3 2 3 2 	7.329484
2 3 2 3 3 	0.328822
2 3 3 0 0 	6.591229
2 3 3 0 1 	2.191873
2 3 3 0 2 	-4.218925
2 3 3 0 3 	-6.029033
2 3 3 1 0 	-9.590643
2 3 3 1 1 	-1.497627
2 3 3 1 2 	-12.082726
2 3 3 1 3 	-1.070793
2 3 3 2 0 	-1.056747
2 3 3 2 1 	5.516053
2 3 3 2 2 	0.009411
2 3 3 2 3 	2.273938
2 3 3 3 0 	-10.931290
2 3 3 3 1 	-4.571880
2 3 3 3 2 	-1.854783
2 3 3 3 3 	-3.982062
3 0 0 0 0 	-4.788798
3 0 0 0 1 	-8.950531
3 0 0 0 2 	0.548285
3 0 0 0 3 	0.210607
3 0 0 1 0 	-5.124995
3 0 0 1 1 	0.755163
3 0 0 1 2 	-12.546227
3 0 0 1 3 	-3.805583
3 0 0 2 0 	1.274943
3 0 0 2 1 	-37.854486
3 0 0 2 2 	23.104404
3 0 0 2 3 	7.921713
3 0 0 3 0 	-0.988413
3 0 0 3 1 	-9.491819
3 0 0 3 2 	-14.201365
3 0 0 3 3 	5.313775
3 0 1 0 0 	-6.402393
3 0 1 0 1 	-4.336755
3 0 1 0 2 	-1.671750
3 0 1 0 3 	5.928800
3 0 1 1 0 	-5.190796
3 0 1 1 1 	10.291687
3 0 1 1 2 	-2.708820
3 0 1 1 3 	2.353208
3 0 1 2 0 	-5.012696
3 0 1 2 1 	-3.051720
3 0 1 2 2 	5.288571
3 0 1 2 3 	51.958799
3 0 1 3 0 	5.478008
3 0 1 3 1 	10.014927
3 0 1 3 2 	11.350111
3 0 1 3 3 	-4.231496
3 0 2 0 0 	-7.074536
3 0 2 0 1 	1.452463
3 0 2 0 2 	-2.634886
3 0 2 0 3 	-22.811761
3 0 2 1 0 	-6.482211
3 0 2 1 1 	-6.955253
3 0 2 1 2 	6.646888
3 0 2 1 3 	-5.011422
3 0 2 2 0 	0.480710
3 0 2 2 1 	-6.851540
3 0 2 2 2 	-2.336786
3 0 2 2 3 	-41.565102
3 0 2 3 0 	-6.801717
3 0 2 3 1 	13.992739
3 0 2 3 2 	-27.196918
3 0 2 3 3 	3.672272
3 0 3 0 0 	-10.352641
3 0 3 0 1 	-12.947976
3 0 3 0 2 	-17.159536
3 0 3 0 3 	-2.585362
3 0 3 1 0 	-2.015837
3 0 3 1 1 	-4.110394
3 0 3 1 2 	-5.271582
3 0 3 1 3 	-8.859322
3 0 3 2 0 	26.047269
3 0 3 2 1 	-0.285316
3 0 3 2 2 	-7.025165
3 0 3 2 3 	-1.111315
3 0 3 3 0 	-15.536567
3 0 3 3 1 	19.939879
3 0 3 3 2 	-9.433231
3 0 3 3 3 	-2.152173
3 1 0 0 0 	-7.733081
3 1 0 0 1 	4.679582
3 1 0 0 2 	4.342784
3 1 0 0 3 	0.299060
3 1 0 1 0 	4.524516
3 1 0 1 1 	-3.114669
3 1 0 1 2 	3.836095
3 1 0 1 3 	-11.783989
3 1 0 2 0 	6.389170
3 1 0 2 1 	-2.904327
3 1 0 2 2 	2.343686
3 1 0 2 3 	-5.141532
3 1 0 3 0 	-7.449437
3 1 0 3 1 	-2.937676
3 1 0 3 2 	7.808214
3 1 0 3 3 	-11.114624
3 1 1 0 0 	-1.683937
3 1 1 0 1 	8.868525
3 1 1 0 2 	0.637832
3 1 1 0 3 	-3.493548
3 1 1 1 0 	3.671026
3 1 1 1 1 	-12.205485
3 1 1 1 2 	-1.746742
3 1 1 1 3 	4.064317
3 1 1 2 0 	1.546971
3 1 1 2 1 	3.605952
3 1 1 2 2 	-3.773589
3 1 1 2 3 	12.832127
3 1 1 3 0 	2.272875
3 1 1 3 1 	-0.840264
3 1 1 3 2 	-1.666100
3 1 1 3 3 	-12.862002
3 1 2 0 0 	-2.421832
3 1 2 0 1 	3.936686
3 1 2 0 2 	3.137480
3 1 2 0 3 	9.604361
3 1 2 1 0 	18.860603
3 1 2 1 1 	1.837212
3 1 2 1 2 	0.238428
3 1 2 1 3 	3.503148
3 1 2 2 0 	-0.833569
3 1 2 2 1 	0.454470
3 1 2 2 2 	4.582612
3 1 2 2 3 	87.811552
3 1 2 3 0 	4.303834
3 1 2 3 1 	3.114197
3 1 2 3 2 	-4.081692
3 1 2 3 3 	-4.124887
3 1 3 0 0 	3.066569
3 1 3 0 1 	8.054480
3 1 3 0 2 	-5.006717
3 1 3 0 3 	-5.881880
3 1 3 1 0 	-4.709341
3 1 3 1 1 	6.187464
3 1 3 1 2 	-5.667099
3 1 3 1 3 	5.537459
3 1 3 2 0 	1.539593
3 1 3 2 1 	-6.626441
3 1 3 2 2 	1.295566
3 1 3 2 3 	-17.676240
3 1 3 3 0 	2.095332
3 1 3 3 1 	13.664285
3 1 3 3 2 	-3.652266
3 1 3 3 3 	-1.548286
3 2 0 0 0 	-21.927921
3 2 0 0 1 	-4.924522
3 2 0 0 2 	-10.493282
3 2 0 0 3 	-68.790013
3 2 0 1 0 	-20.286968
3 2 0 1 1 	-5.946319
3 2 0 1 2 	-3.327986
3 2 0 1 3 	3.676734
3 2 0 2 0 	3.238526
3 2 0 2 1 	-1.150959
3 2 0 2 2 	3.343422
3 2 0 2 3 	3.033357
3 2 0 3 0 	-3.441864
3 2 0 3 1 	-4.360557
3 2 0 3 2 	1.360562
3 2 0 3 3 	-3.074195
3 2 1 0 0 	4.601938
3 2 1 0 1 	4.599499
3 2 1 0 2 	6.522808
3 2 1 0 3 	-30.052033
3 2 1 1 0 	4.976465
3 2 1 1 1 	-1.689359
3 2 1 1 2 	3.494185
3 2 1 1 3 	7.897609
3 2 1 2 0 	-5.945311
3 2 1 2 1 	-12.799151
3 2 1 2 2 	3.553362
3 2 1 2 3 	-0.362019
3 2 1 3 0 	-5.848014
3 2 1 3 1 	-3.903840
3 2 1 3 2 	-5.581016
3 2 1 3 3 	8.294581
3 2 2 0 0 	2.181962
3 2 2 0 1 	1.062578
3 2 2 0 2 	-6.052404
3 2 2 0 3 	1.804393
3 2 2 1 0 	-2.625997
3 2 2 1 1 	-6.659826
3 2 2 1 2 	-1.476961
3 2 2 1 3 	3.540888
3 2 2 2 0 	13.810158
3 2 2 2 1 	3.886168
3 2 2 2 2 	14.004202
3 2 2 2 3 	-3.671064
3 2 2 3 0 	-5.609013
3 2 2 3 1 	-6.610788
3 2 2 3 2 	0.290388
3 2 2 3 3 	0.654539
3 2 3 0 0 	3.735850
3 2 3 0 1 	-6.394065
3 2 3 0 2 	-5.264864
3 2 3 0 3 	-17.091612
3 2 3 1 0 	0.164325
3 2 3 1 1 	-10.326995
3 2 3 1 2 	-3.499038
3 2 3 1 3 	-10.382922
3 2 3 2 0 	-1.820720
3 2 3 2 1 	-0.887471
3 2 3 2 2 	-7.800588
3 2 3 2 3 	7.060112
3 2 3 3 0 	-2.719677
3 2 3 3 1 	-14.802229
3 2 3 3 2 	-30.259060
3 2 3 3 3 	-8.256054
3 3 0 0 0 	-6.625178
3 3 0 0 1 	21.695810
3 3 0 0 2 	-6.075349
3 3 0 0 3 	0.209767
3 3 0 1 0 	2.482533
3 3 0 1 1 	2.286400
3 3 0 1 2 	5.817139
3 3 0 1 3 	-19.594304
3 3 0 2 0 	-0.899494
3 3 0 2 1 	-9.042941
3 3 0 2 2 	1.391985
3 3 0 2 3 	0.485991
3 3 0 3 0 	0.089860
3 3 0 3 1 	-1.432180
3 3 0 3 2 	1.274428
3 3 0 3 3 	-24.552616
3 3 1 0 0 	9.192444
3 3 1 0 1 	-9.785070
3 3 1 0 2 	6.063188
3 3 1 0 3 	-26.351380
3 3 1 1 0 	-26.118053
3 3 1 1 1 	-3.138422
3 3 1 1 2 	1.410286
3 3 1 1 3 	6.213304
3 3 1 2 0 	2.217661
3 3 1 2 1 	-33.297613
3 3 1 2 2 	-4.155415
3 3 1 2 3 	-18.424834
3 3 1 3 0 	-13.411357
3 3 1 3 1 	0.623145
3 3 1 3 2 	12.031498
3 3 1 3 3 	-4.024970
3 3 2 0 0 	8.132966
3 3 2 0 1 	-3.766117
3 3 2 0 2 	4.614176
3 3 2 0 3 	-4.955566
3 3 2 1 0 	-9.455662
3 3 2 1 1 	-0.034067
3 3 2 1 2 	6.093072
3 3 2 1 3 	5.721645
3 3 2 2 0 	19.045988
3 3 2 2 1 	-7.751615
3 3 2 2 2 	-1.585267
3 3 2 2 3 	-2.350863
3 3 2 3 0 	-11.329118
3 3 2 3 1 	-10.221787
3 3 2 3 2 	-7.668064
3 3 2 3 3 	1.794515
3 3 3 0 0 	-3.846313
3 3 3 0 1 	-15.481070
3 3 3 0 2 	-8.665097
3 3 3 0 3 	-14.139595
3 3 3 1 0 	1.032887
3 3 3 1 1 	2.316907
3 3 3 1 2 	-5.452251
3 3 3 1 3 	-1.573187
3 3 3 2 0 	41.446288
3 3 3 2 1 	-12.431411
3 3 3 2 2 	1.710412
3 3 3 2 3 	7.549945
3 3 3 3 0 	-27.444857
3 3 3 3 1 	-11.267973
3 3 3 3 2 	10.872900
3 3 3 3 3 	-15.428320

