5	1024
0 0 0 0 0 	4.427899
0 0 0 0 1 	-3.643765
0 0 0 0 2 	4.494477
0 0 0 0 3 	12.787878
0 0 0 1 0 	-2.299977
0 0 0 1 1 	-3.754503
0 0 0 1 2 	-2.509008
0 0 0 1 3 	17.265368
0 0 0 2 0 	6.571669
0 0 0 2 1 	-1.515193
0 0 0 2 2 	-4.774116
0 0 0 2 3 	-1.573117
0 0 0 3 0 	4.148568
0 0 0 3 1 	8.457043
0 0 0 3 2 	-2.564505
0 0 0 3 3 	2.370529
0 0 1 0 0 	-2.237496
0 0 1 0 1 	12.243985
0 0 1 0 2 	0.258472
0 0 1 0 3 	3.361080
0 0 1 1 0 	-0.003168
0 0 1 1 1 	6.978262
0 0 1 1 2 	5.152625
0 0 1 1 3 	5.791222
0 0 1 2 0 	0.490618
0 0 1 2 1 	-3.103840
0 0 1 2 2 	1.426941
0 0 1 2 3 	-0.356306
0 0 1 3 0 	-9.253565
0 0 1 3 1 	-4.183106
0 0 1 3 2 	-11.059068
0 0 1 3 3 	-8.598406
0 0 2 0 0 	-1.667385
0 0 2 0 1 	5.065701
0 0 2 0 2 	2.798940
0 0 2 0 3 	-2.796332
0 0 2 1 0 	-3.080226
0 0 2 1 1 	1.904075
0 0 2 1 2 	1.035237
0 0 2 1 3 	-3.343647
0 0 2 2 0 	1.215715
0 0 2 2 1 	-15.774510
0 0 2 2 2 	5.091747
0 0 2 2 3 	-5.895718
0 0 2 3 0 	6.239911
0 0 2 3 1 	-4.887084
0 0 2 3 2 	4.947454
0 0 2 3 3 	-0.789183
0 0 3 0 0 	4.079694
0 0 3 0 1 	-5.053369
0 0 3 0 2 	21.596426
0 0 3 0 3 	-2.428584
0 0 3 1 0 	-3.660037
0 0 3 1 1 	6.227673
0 0 3 1 2 	-2.626408
0 0 3 1 3 	-7.352106
0 0 3 2 0 	1.951542
0 0 3 2 1 	-2.711807
0 0 3 2 2 	-2.422452
0 0 3 2 3 	1.629292
0 0 3 3 0 	-7.318067
0 0 3 3 1 	24.689693
0 0 3 3 2 	-2.290604
0 0 3 3 3 	-3.095096
0 1 0 0 0 	6.031557
0 1 0 0 1 	-5.796933
0 1 0 0 2 	-1.366542
0 1 0 0 3 	-7.854933
0 1 0 1 0 	-9.593779
0 1 0 1 1 	-0.261875
0 1 0 1 2 	16.076185
0 1 0 1 3 	4.832627
0 1 0 2 0 	6.819914
0 1 0 2 1 	3.794031
0 1 0 2 2 	1.142207
0 1 0 2 3 	1.854064
0 1 0 3 0 	3.477075
0 1 0 3 1 	-2.655147
0 1 0 3 2 	-4.543794
0 1 0 3 3 	-5.583230
0 1 1 0 0 	-5.404532
0 1 1 0 1 	-12.270258
0 1 1 0 2 	4.815887
0 1 1 0 3 	-0.720001
0 1 1 1 0 	-2.445868
0 1 1 1 1 	0.704774
0 1 1 1 2 	59.834406
0 1 1 1 3 	5.488958
0 1 1 2 0 	-12.229038
0 1 1 2 1 	-7.676742
0 1 1 2 2 	9.349921
0 1 1 2 3 	17.967842
0 1 1 3 0 	-2.675858
0 1 1 3 1 	2.091198
0 1 1 3 2 	9.060645
0 1 1 3 3 	-4.420382
0 1 2 0 0 	-7.687703
0 1 2 0 1 	-4.895322
0 1 2 0 2 	-5.867317
0 1 2 0 3 	-3.993401
0 1 2 1 0 	3.091192
0 1 2 1 1 	3.732055
0 1 2 1 2 	-1.602004
0 1 2 1 3 	3.292952
0 1 2 2 0 	1.020385
0 1 2 2 1 	-3.066805
0 1 2 2 2 	-1.906007
0 1 2 2 3 	-2.475982
0 1 2 3 0 	-4.763705
0 1 2 3 1 	-12.057953
0 1 2 3 2 	-0.900967
0 1 2 3 3 	-4.684601
0 1 3 0 0 	-7.075062
0 1 3 0 1 	-3.275746
0 1 3 0 2 	-8.015331
0 1 3 0 3 	8.777539
0 1 3 1 0 	1.476422
0 1 3 1 1 	8.272321
0 1 3 1 2 	-5.121534
0 1 3 1 3 	5.507797
0 1 3 2 0 	2.628998
0 1 3 2 1 	6.173614
0 1 3 2 2 	-7.728031
0 1 3 2 3 	-0.528730
0 1 3 3 0 	-5.199098
0 1 3 3 1 	5.614201
0 1 3 3 2 	4.572933
0 1 3 3 3 	4.777408
0 2 0 0 0 	-39.839928
0 2 0 0 1 	16.183429
0 2 0 0 2 	-0.110530
0 2 0 0 3 	-1.021304
0 2 0 1 0 	4.259110
0 2 0 1 1 	10.132900
0 2 0 1 2 	1.925640
0 2 0 1 3 	0.238390
0 2 0 2 0 	-5.676934
0 2 0 2 1 	2.191628
0 2 0 2 2 	-4.129000
0 2 0 2 3 	-3.838312
0 2 0 3 0 	0.011608
0 2 0 3 1 	-4.892805
0 2 0 3 2 	-10.889301
0 2 0 3 3 	-5.838766
0 2 1 0 0 	0.236131
0 2 1 0 1 	7.270550
0 2 1 0 2 	0.159363
0 2 1 0 3 	0.079389
0 2 1 1 0 	1.034834
0 2 1 1 1 	0.353345
0 2 1 1 2 	-2.015649
0 2 1 1 3 	2.125276
0 2 1 2 0 	6.278079
0 2 1 2 1 	-2.067543
0 2 1 2 2 	1.608288
0 2 1 2 3 	-9.463697
0 2 1 3 0 	-5.150989
0 2 1 3 1 	4.807766
0 2 1 3 2 	-8.869464
0 2 1 3 3 	-2.681153
0 2 2 0 0 	60.126177
0 2 2 0 1 	2.617311
0 2 2 0 2 	-8.786123
0 2 2 0 3 	11.966009
0 2 2 1 0 	3.175766
0 2 2 1 1 	3.130446
0 2 2 1 2 	2.947974
0 2 2 1 3 	-1.521189
0 2 2 2 0 	-7.061502
0 2 2 2 1 	-1.187896
0 2 2 2 2 	2.186753
0 2 2 2 3 	6.302579
0 2 2 3 0 	-0.138381
0 2 2 3 1 	5.664403
0 2 2 3 2 	-13.281155
0 2 2 3 3 	5.749946
0 2 3 0 0 	1.514654
0 2 3 0 1 	-5.235106
0 2 3 0 2 	-5.032396
0 2 3 0 3 	6.586538
0 2 3 1 0 	0.549026
0 2 3 1 1 	0.173329
0 2 3 1 2 	4.923334
0 2 3 1 3 	-55.700877
0 2 3 2 0 	-1.912084
0 2 3 2 1 	5.092341
0 2 3 2 2 	-43.546574
0 2 3 2 3 	-2.343180
0 2 3 3 0 	5.295972
0 2 3 3 1 	0.617307
0 2 3 3 2 	-5.654262
0 2 3 3 3 	5.586503
0 3 0 0 0 	-13.820662
0 3 0 0 1 	0.360199
0 3 0 0 2 	1.983395
0 3 0 0 3 	-11.206770
0 3 0 1 0 	-5.898878
0 3 0 1 1 	5.643528
0 3 0 1 2 	-1.048224
0 3 0 1 3 	-14.431050
0 3 0 2 0 	6.200329
0 3 0 2 1 	9.033433
0 3 0 2 2 	3.454377
0 3 0 2 3 	-3.998566
0 3 0 3 0 	-2.902536
0 3 0 3 1 	-2.371796
0 3 0 3 2 	-5.244764
0 3 0 3 3 	2.850982
0 3 1 0 0 	1.692969
0 3 1 0 1 	13.290242
0 3 1 0 2 	-5.407395
0 3 1 0 3 	-0.094882
0 3 1 1 0 	-0.615389
0 3 1 1 1 	-1.050992
0 3 1 1 2 	6.934335
0 3 1 1 3 	-8.825473
0 3 1 2 0 	7.086073
0 3 1 2 1 	-4.315011
0 3 1 2 2 	5.777123
0 3 1 2 3 	2.481213
0 3 1 3 0 	3.935309
0 3 1 3 1 	-6.637063
0 3 1 3 2 	5.684346
0 3 1 3 3 	18.321429
0 3 2 0 0 	7.830818
0 3 2 0 1 	-7.395703
0 3 2 0 2 	16.976055
0 3 2 0 3 	-7.006014
0 3 2 1 0 	-2.143782
0 3 2 1 1 	15.590900
0 3 2 1 2 	-3.415545
0 3 2 1 3 	5.527238
0 3 2 2 0 	-10.670597
0 3 2 2 1 	4.463988
0 3 2 2 2 	-3.854697
0 3 2 2 3 	-1.260716
0 3 2 3 0 	4.885360
0 3 2 3 1 	2.984922
0 3 2 3 2 	1.755610
0 3 2 3 3 	-16.637597
0 3 3 0 0 	-1.453966
0 3 3 0 1 	1.851437
0 3 3 0 2 	2.024334
0 3 3 0 3 	3.714714
0 3 3 1 0 	21.107804
0 3 3 1 1 	-7.779489
0 3 3 1 2 	-4.563239
0 3 3 1 3 	-5.143497
0 3 3 2 0 	-6.885736
0 3 3 2 1 	2.346424
0 3 3 2 2 	6.102750
0 3 3 2 3 	4.735767
0 3 3 3 0 	2.407309
0 3 3 3 1 	-2.634263
0 3 3 3 2 	2.215840
0 3 3 3 3 	-2.100795
1 0 0 0 0 	5.775991
1 0 0 0 1 	-3.179187
1 0 0 0 2 	0.186952
1 0 0 0 3 	-15.489240
1 0 0 1 0 	-4.663177
1 0 0 1 1 	3.513256
1 0 0 1 2 	-2.175301
1 0 0 1 3 	37.230787
1 0 0 2 0 	-13.349079
1 0 0 2 1 	1.865934
1 0 0 2 2 	-3.970448
1 0 0 2 3 	-2.504466
1 0 0 3 0 	-2.907255
1 0 0 3 1 	-1.983093
1 0 0 3 2 	2.680886
1 0 0 3 3 	4.959392
1 0 1 0 0 	-0.628664
1 0 1 0 1 	-2.780067
1 0 1 0 2 	3.643778
1 0 1 0 3 	10.055966
1 0 1 1 0 	-3.266449
1 0 1 1 1 	0.049895
1 0 1 1 2 	34.599225
1 0 1 1 3 	-6.979563
1 0 1 2 0 	-10.139672
1 0 1 2 1 	-5.830644
1 0 1 2 2 	-3.962008
1 0 1 2 3 	-6.713617
1 0 1 3 0 	5.222487
1 0 1 3 1 	-7.692093
1 0 1 3 2 	-0.915902
1 0 1 3 3 	10.690693
1 0 2 0 0 	14.683895
1 0 2 0 1 	-0.421770
1 0 2 0 2 	2.823199
1 0 2 0 3 	-16.727769
1 0 2 1 0 	2.245522
1 0 2 1 1 	-3.095222
1 0 2 1 2 	-13.203868
1 0 2 1 3 	78.848100
1 0 2 2 0 	-1.089311
1 0 2 2 1 	7.192775
1 0 2 2 2 	-15.115925
1 0 2 2 3 	-3.718216
1 0 2 3 0 	-4.437182
1 0 2 3 1 	-5.336310
1 0 2 3 2 	-1.389173
1 0 2 3 3 	-2.637257
1 0 3 0 0 	6.837760
1 0 3 0 1 	-36.265586
1 0 3 0 2 	1.800607
1 0 3 0 3 	15.087422
1 0 3 1 0 	10.890845
1 0 3 1 1 	-19.642437
1 0 3 1 2 	2.543892
1 0 3 1 3 	2.169600
1 0 3 2 0 	-5.174743
1 0 3 2 1 	-5.271681
1 0 3 2 2 	-0.880712
1 0 3 2 3 	-1.278784
1 0 3 3 0 	22.044192
1 0 3 3 1 	4.637931
1 0 3 3 2 	-3.747233
1 0 3 3 3 	-6.163398
1 1 0 0 0 	16.003184
1 1 0 0 1 	-52.361945
1 1 0 0 2 	2.175308
1 1 0 0 3 	2.358650
1 1 0 1 0 	36.698835
1 1 0 1 1 	-1.736675
1 1 0 1 2 	-7.401990
1 1 0 1 3 	-2.635484
1 1 0 2 0 	-6.961265
1 1 0 2 1 	-1.535680
1 1 0 2 2 	-2.456924
1 1 0 2 3 	-0.264855
1 1 0 3 0 	-2.460041
1 1 0 3 1 	-3.738931
1 1 0 3 2 	-2.332221
1 1 0 3 3 	36.786686
1 1 1 0 0 	5.239204
1 1 1 0 1 	1.813097
1 1 1 0 2 	3.066061
1 1 1 0 3 	67.436602
1 1 1 1 0 	77.853924
1 1 1 1 1 	6.189258
1 1 1 1 2 	22.621464
1 1 1 1 3 	73.660467
1 1 1 2 0 	5.431590
1 1 1 2 1 	2.313387
1 1 1 2 2 	3.003900
1 1 1 2 3 	53.395296
1 1 1 3 0 	3.912328
1 1 1 3 1 	-5.469940
1 1 1 3 2 	11.239916
1 1 1 3 3 	-2.658514
1 1 2 0 0 	-3.615079
1 1 2 0 1 	2.316178
1 1 2 0 2 	7.787179
1 1 2 0 3 	0.633654
1 1 2 1 0 	4.078132
1 1 2 1 1 	-3.758127
1 1 2 1 2 	-4.382882
1 1 2 1 3 	-11.870294
1 1 2 2 0 	0.052018
1 1 2 2 1 	-5.260201
1 1 2 2 2 	-3.414401
1 1 2 2 3 	4.563017
1 1 2 3 0 	26.281549
1 1 2 3 1 	1.381326
1 1 2 3 2 	6.543918
1 1 2 3 3 	-10.964336
1 1 3 0 0 	-18.524487
1 1 3 0 1 	-2.336238
1 1 3 0 2 	-2.776526
1 1 3 0 3 	-20.877218
1 1 3 1 0 	2.177190
1 1 3 1 1 	-3.442251
1 1 3 1 2 	6.719562
1 1 3 1 3 	0.752399
1 1 3 2 0 	2.687564
1 1 3 2 1 	-5.071575
1 1 3 2 2 	2.076711
1 1 3 2 3 	2.623975
1 1 3 3 0 	3.020990
1 1 3 3 1 	2.254369
1 1 3 3 2 	-4.660765
1 1 3 3 3 	-4.720330
1 2 0 0 0 	-15.424332
1 2 0 0 1 	-3.795110
1 2 0 0 2 	4.751704
1 2 0 0 3 	-4.375911
1 2 0 1 0 	2.101934
1 2 0 1 1 	1.522406
1 2 0 1 2 	1.354433
1 2 0 1 3 	5.137834
1 2 0 2 0 	1.408984
1 2 0 2 1 	-55.643325
1 2 0 2 2 	-2.629348
1 2 0 2 3 	-4.710666
1 2 0 3 0 	-19.599695
1 2 0 3 1 	3.911659
1 2 0 3 2 	1.880909
1 2 0 3 3 	1.799421
1 2 1 0 0 	6.093103
1 2 1 0 1 	-8.615269
1 2 1 0 2 	-18.390702
1 2 1 0 3 	49.522767
1 2 1 1 0 	-25.840870
1 2 1 1 1 	-29.207856
1 2 1 1 2 	-4.371547
1 2 1 1 3 	-1.446826
1 2 1 2 0 	-9.377641
1 2 1 2 1 	2.051407
1 2 1 2 2 	-5.564173
1 2 1 2 3 	-10.945485
1 2 1 3 0 	3.576814
1 2 1 3 1 	-8.394067
1 2 1 3 2 	-6.450219
1 2 1 3 3 	1.430687
1 2 2 0 0 	-32.518519
1 2 2 0 1 	-9.506955
1 2 2 0 2 	1.908194
1 2 2 0 3 	-6.050767
1 2 2 1 0 	7.254807
1 2 2 1 1 	-3.315471
1 2 2 1 2 	-5.010638
1 2 2 1 3 	-16.973677
1 2 2 2 0 	-4.289098
1 2 2 2 1 	-12.398776
1 2 2 2 2 	3.180858
1 2 2 2 3 	-9.867404
1 2 2 3 0 	-5.541397
1 2 2 3 1 	-3.586958
1 2 2 3 2 	2.753255
1 2 2 3 3 	-4.355981
1 2 3 0 0 	-4.539788
1 2 3 0 1 	4.138146
1 2 3 0 2 	-1.557111
1 2 3 0 3 	-17.745353
1 2 3 1 0 	-1.289376
1 2 3 1 1 	-1.067005
1 2 3 1 2 	-1.953085
1 2 3 1 3 	-14.172087
1 2 3 2 0 	-9.543378
1 2 3 2 1 	-4.059502
1 2 3 2 2 	1.814281
1 2 3 2 3 	-3.985019
1 2 3 3 0 	-3.726005
1 2 3 3 1 	-4.947352
1 2 3 3 2 	-20.269446
1 2 3 3 3 	-5.206485
1 3 0 0 0 	1.598844
1 3 0 0 1 	-6.706974
1 3 0 0 2 	12.329654
1 3 0 0 3 	2.708887
1 3 0 1 0 	-2.012023
1 3 0 1 1 	18.054044
1 3 0 1 2 	-2.746249
1 3 0 1 3 	1.758826
1 3 0 2 0 	-17.785558
1 3 0 2 1 	-1.780340
1 3 0 2 2 	-3.466351
1 3 0 2 3 	11.244845
1 3 0 3 0 	-8.094057
1 3 0 3 1 	-10.017535
1 3 0 3 2 	-3.853952
1 3 0 3 3 	-4.966842
1 3 1 0 0 	2.002515
1 3 1 0 1 	4.041778
1 3 1 0 2 	-0.635421
1 3 1 0 3 	1.958930
1 3 1 1 0 	-8.423198
1 3 1 1 1 	-7.681481
1 3 1 1 2 	-3.126942
1 3 1 1 3 	1.776561
1 3 1 2 0 	-19.692386
1 3 1 2 1 	3.689731
1 3 1 2 2 	-3.379048
1 3 1 2 3 	-11.100175
1 3 1 3 0 	-6.317198
1 3 1 3 1 	11.403041
1 3 1 3 2 	-3.254217
1 3 1 3 3 	1.731100
1 3 2 0 0 	1.121420
1 3 2 0 1 	-2.496602
1 3 2 0 2 	-0.265957
1 3 2 0 3 	-11.579999
1 3 2 1 0 	-7.990599
1 3 2 1 1 	-19.265793
1 3 2 1 2 	-7.661742
1 3 2 1 3 	-3.398794
1 3 2 2 0 	-5.322660
1 3 2 2 1 	0.032502
1 3 2 2 2 	10.106468
1 3 2 2 3 	-0.346494
1 3 2 3 0 	4.871052
1 3 2 3 1 	7.223199
1 3 2 3 2 	-0.947486
1 3 2 3 3 	27.108299
1 3 3 0 0 	2.707546
1 3 3 0 1 	1.257446
1 3 3 0 2 	0.110656
1 3 3 0 3 	5.984863
1 3 3 1 0 	-3.893202
1 3 3 1 1 	9.846062
1 3 3 1 2 	-5.087033
1 3 3 1 3 	9.606158
1 3 3 2 0 	-0.908407
1 3 3 2 1 	-6.139731
1 3 3 2 2 	-11.854284
1 3 3 2 3 	-3.625448
1 3 3 3 0 	3.302269
1 3 3 3 1 	-6.540856
1 3 3 3 2 	-13.235722
1 3 3 3 3 	4.209094
2 0 0 0 0 	12.985778
2 0 0 0 1 	2.315938
2 0 0 0 2 	7.795364
2 0 0 0 3 	-11.259558
2 0 0 1 0 	0.106706
2 0 0 1 1 	0.472552
2 0 0 1 2 	-1.173066
2 0 0 1 3 	-4.810415
2 0 0 2 0 	5.243530
2 0 0 2 1 	-4.498686
2 0 0 2 2 	-3.268718
2 0 0 2 3 	-5.900079
2 0 0 3 0 	-9.670838
2 0 0 3 1 	17.515943
2 0 0 3 2 	-3.040500
2 0 0 3 3 	-0.906203
2 0 1 0 0 	1.987462
2 0 1 0 1 	-5.622232
2 0 1 0 2 	-0.062878
2 0 1 0 3 	6.557749
2 0 1 1 0 	2.345859
2 0 1 1 1 	-30.469574
2 0 1 1 2 	3.260894
2 0 1 1 3 	-0.778774
2 0 1 2 0 	7.122900
2 0 1 2 1 	-3.967837
2 0 1 2 2 	-0.962545
2 0 1 2 3 	-49.284881
2 0 1 3 0 	-4.281773
2 0 1 3 1 	-4.251316
2 0 1 3 2 	4.390352
2 0 1 3 3 	-39.268999
2 0 2 0 0 	-6.649200
2 0 2 0 1 	2.315645
2 0 2 0 2 	-0.509927
2 0 2 0 3 	6.205585
2 0 2 1 0 	3.165329
2 0 2 1 1 	-1.863757
2 0 2 1 2 	2.015268
2 0 2 1 3 	-4.102784
2 0 2 2 0 	2.493811
2 0 2 2 1 	-2.333631
2 0 2 2 2 	9.377330
2 0 2 2 3 	-0.219700
2 0 2 3 0 	-6.429222
2 0 2 3 1 	0.913791
2 0 2 3 2 	1.693271
2 0 2 3 3 	6.018790
2 0 3 0 0 	2.376640
2 0 3 0 1 	-5.331975
2 0 3 0 2 	-5.862955
2 0 3 0 3 	10.590560
2 0 3 1 0 	-4.868172
2 0 3 1 1 	0.310403
2 0 3 1 2 	7.286567
2 0 3 1 3 	-2.134051
2 0 3 2 0 	2.806023
2 0 3 2 1 	2.508198
2 0 3 2 2 	-6.214444
2 0 3 2 3 	4.675519
2 0 3 3 0 	0.362532
2 0 3 3 1 	-11.589607
2 0 3 3 2 	2.858892
2 0 3 3 3 	-0.204418
2 1 0 0 0 	-7.796010
2 1 0 0 1 	-1.902096
2 1 0 0 2 	4.113458
2 1 0 0 3 	-1.752428
2 1 0 1 0 	-0.092322
2 1 0 1 1 	-1.038693
2 1 0 1 2 	-69.121774
2 1 0 1 3 	3.476451
2 1 0 2 0 	-4.090316
2 1 0 2 1 	0.848154
2 1 0 2 2 	-0.166340
2 1 0 2 3 	0.183560
2 1 0 3 0 	5.466272
2 1 0 3 1 	-5.443554
2 1 0 3 2 	-5.084870
2 1 0 3 3 	-7.512085
2 1 1 0 0 	-1.864494
2 1 1 0 1 	-2.446987
2 1 1 0 2 	2.896973
2 1 1 0 3 	2.225062
2 1 1 1 0 	4.891534
2 1 1 1 1 	-0.794233
2 1 1 1 2 	-5.389558
2 1 1 1 3 	-4.315945
2 1 1 2 0 	-2.016905
2 1 1 2 1 	-9.768236
2 1 1 2 2 	2.522762
2 1 1 2 3 	0.685777
2 1 1 3 0 	7.946811
2 1 1 3 1 	1.570934
2 1 1 3 2 	21.105118
2 1 1 3 3 	1.864052
2 1 2 0 0 	-3.157565
2 1 2 0 1 	-6.383908
2 1 2 0 2 	7.217335
2 1 2 0 3 	1.714126
2 1 2 1 0 	-4.348846
2 1 2 1 1 	8.428355
2 1 2 1 2 	-0.129825
2 1 2 1 3 	4.661294
2 1 2 2 0 	2.488278
2 1 2 2 1 	-2.644024
2 1 2 2 2 	-1.840004
2 1 2 2 3 	-5.826321
2 1 2 3 0 	2.981503
2 1 2 3 1 	-7.078045
2 1 2 3 2 	-15.431157
2 1 2 3 3 	7.727913
2 1 3 0 0 	0.185372
2 1 3 0 1 	-14.860321
2 1 3 0 2 	12.768500
2 1 3 0 3 	6.088476
2 1 3 1 0 	4.422623
2 1 3 1 1 	-11.282997
2 1 3 1 2 	1.267572
2 1 3 1 3 	-1.256310
2 1 3 2 0 	-7.761443
2 1 3 2 1 	-3.961557
2 1 3 2 2 	-2.581166
2 1 3 2 3 	0.171901
2 1 3 3 0 	0.061103
2 1 3 3 1 	-2.239172
2 1 3 3 2 	3.645194
2 1 3 3 3 	7.784378
2 2 0 0 0 	7.636715
2 2 0 0 1 	-6.528559
2 2 0 0 2 	-1.342861
2 2 0 0 3 	5.520613
2 2 0 1 0 	22.334991
2 2 0 1 1 	-4.684404
2 2 0 1 2 	-5.634110
2 2 0 1 3 	5.510494
2 2 0 2 0 	3.898498
2 2 0 2 1 	-1.378269
2 2 0 2 2 	6.300665
2 2 0 2 3 	-3.797496
2 2 0 3 0 	-3.386469
2 2 0 3 1 	4.478801
2 2 0 3 2 	7.711393
2 2 0 3 3 	-3.136316
2 2 1 0 0 	-10.874876
2 2 1 0 1 	1.049349
2 2 1 0 2 	-2.381788
2 2 1 0 3 	-0.904315
2 2 1 1 0 	-8.105447
2 2 1 1 1 	2.738546
2 2 1 1 2 	2.584529
2 2 1 1 3 	1.856211
2 2 1 2 0 	-0.042940
2 2 1 2 1 	-2.457044
2 2 1 2 2 	4.870045
2 2 1 2 3 	6.566849
2 2 1 3 0 	68.712579
2 2 1 3 1 	4.476528
2 2 1 3 2 	-4.285312
2 2 1 3 3 	-5.608150
2 2 2 0 0 	5.962028
2 2 2 0 1 	25.419955
2 2 2 0 2 	5.095197
2 2 2 0 3 	5.366081
2 2 2 1 0 	11.967579
2 2 2 1 1 	3.671975
2 2 2 1 2 	-3.871949
2 2 2 1 3 	16.159143
2 2 2 2 0 	8.522137
2 2 2 2 1 	66.632859
2 2 2 2 2 	3.002382
2 2 2 2 3 	99.250412
2 2 2 3 0 	1.766312
2 2 2 3 1 	-2.675909
2 2 2 3 2 	5.346801
2 2 2 3 3 	1.947994
2 2 3 0 0 	-5.135369
2 2 3 0 1 	13.315851
2 2 3 0 2 	0.951166
2 2 3 0 3 	6.719075
2 2 3 1 0 	1.058685
2 2 3 1 1 	3.338652
2 2 3 1 2 	-5.405374
2 2 3 1 3 	3.594084
2 2 3 2 0 	1.981144
2 2 3 2 1 	-0.749426
2 2 3 2 2 	5.932963
2 2 3 2 3 	16.892506
2 2 3 3 0 	1.383074
2 2 3 3 1 	-5.557011
2 2 3 3 2 	1.160796
2 2 3 3 3 	2.065634
2 3 0 0 0 	-1.468530
2 3 0 0 1 	0.961563
2 3 0 0 2 	26.898727
2 3 0 0 3 	-4.476926
2 3 0 1 0 	-4.731267
2 3 0 1 1 	-3.376503
2 3 0 1 2 	-0.679593
2 3 0 1 3 	-2.078112
2 3 0 2 0 	0.617500
2 3 0 2 1 	4.341022
2 3 0 2 2 	-2.612120
2 3 0 2 3 	4.221520
2 3 0 3 0 	-2.664227
2 3 0 3 1 	-1.901309
2 3 0 3 2 	-3.499963
2 3 0 3 3 	-23.871953
2 3 1 0 0 	2.028942
2 3 1 0 1 	-7.067548
2 3 1 0 2 	-1.969443
2 3 1 0 3 	-15.691660
2 3 1 1 0 	23.540609
2 3 1 1 1 	5.651735
2 3 1 1 2 	-2.104519
2 3 1 1 3 	1.387372
2 3 1 2 0 	-11.320311
2 3 1 2 1 	2.278037
2 3 1 2 2 	0.078172
2 3 1 2 3 	3.592258
2 3 1 3 0 	-6.405800
2 3 1 3 1 	-3.664109
2 3 1 3 2 	4.116219
2 3 1 3 3 	-6.550074
2 3 2 0 0 	-12.607008
2 3 2 0 1 	0.342042
2 3 2 0 2 	-5.001383
2 3 2 0 3 	-4.447835
2 3 2 1 0 	2.731935
2 3 2 1 1 	1.407824
2 3 2 1 2 	2.852713
2 3 2 1 3 	-20.910331
2 3 2 2 0 	-5.323204
2 3 2 2 1 	-6.132634
2 3 2 2 2 	-7.200182
2 3 2 2 3 	-2.587841
2 3 2 3 0 	-7.791361
2 3 2 3 1 	-5.805678
2 3 2 3 2 	3.589147
2 3 2 3 3 	2.938724
2 3 3 0 0 	9.297339
2 3 3 0 1 	-6.537392
2 3 3 0 2 	-7.282064
2 3 3 0 3 	-2.369192
2 3 3 1 0 	0.035614
2 3 3 1 1 	-1.227657
2 3 3 1 2 	-4.911876
2 3 3 1 3 	-11.284521
2 3 3 2 0 	2.517158
2 3 3 2 1 	-5.011789
2 3 3 2 2 	11.276398
2 3 3 2 3 	-0.208022
2 3 3 3 0 	-6.549310
2 3 3 3 1 	-83.664453
2 3 3 3 2 	3.466251
2 3 3 3 3 	2.342158
3 0 0 0 0 	-14.628605
3 0 0 0 1 	1.013324
3 0 0 0 2 	-6.151429
3 0 0 0 3 	-6.332806
3 0 0 1 0 	-3.890820
3 0 0 1 1 	-2.027296
3 0 0 1 2 	-11.017037
3 0 0 1 3 	-5.326290
3 0 0 2 0 	-3.397447
3 0 0 2 1 	-0.812147
3 0 0 2 2 	1.218095
3 0 0 2 3 	1.040789
3 0 0 3 0 	2.001704
3 0 0 3 1 	-2.051468
3 0 0 3 2 	-3.878104
3 0 0 3 3 	13.148377
3 0 1 0 0 	-2.129072
3 0 1 0 1 	-0.240782
3 0 1 0 2 	-2.575882
3 0 1 0 3 	-3.711698
3 0 1 1 0 	-2.857827
3 0 1 1 1 	6.131620
3 0 1 1 2 	-4.867605
3 0 1 1 3 	-24.808881
3 0 1 2 0 	-0.558978
3 0 1 2 1 	-4.035116
3 0 1 2 2 	5.747096
3 0 1 2 3 	60.430798
3 0 1 3 0 	7.265243
3 0 1 3 1 	4.841187
3 0 1 3 2 	5.142925
3 0 1 3 3 	-8.017080
3 0 2 0 0 	-5.576840
3 0 2 0 1 	-0.095817
3 0 2 0 2 	17.316638
3 0 2 0 3 	-34.820716
3 0 2 1 0 	1.658401
3 0 2 1 1 	6.072303
3 0 2 1 2 	1.572987
3 0 2 1 3 	-3.355718
3 0 2 2 0 	-7.092887
3 0 2 2 1 	-3.623415
3 0 2 2 2 	-6.445189
3 0 2 2 3 	-25.983647
3 0 2 3 0 	-4.340195
3 0 2 3 1 	1.508115
3 0 2 3 2 	-2.223745
3 0 2 3 3 	-1.218841
3 0 3 0 0 	-16.256173
3 0 3 0 1 	-1.144317
3 0 3 0 2 	-4.372685
3 0 3 0 3 	-6.604762
3 0 3 1 0 	-12.156663
3 0 3 1 1 	1.037994
3 0 3 1 2 	5.587806
3 0 3 1 3 	-29.091042
3 0 3 2 0 	2.518601
3 0 3 2 1 	-2.010112
3 0 3 2 2 	3.532193
3 0 3 2 3 	4.398154
3 0 3 3 0 	-3.921525
3 0 3 3 1 	12.787972
3 0 3 3 2 	1.694849
3 0 3 3 3 	4.048479
3 1 0 0 0 	3.177002
3 1 0 0 1 	7.172833
3 1 0 0 2 	4.473426
3 1 0 0 3 	-0.408162
3 1 0 1 0 	1.924878
3 1 0 1 1 	-2.138568
3 1 0 1 2 	-4.950627
3 1 0 1 3 	-1.538839
3 1 0 2 0 	17.152959
3 1 0 2 1 	-1.365633
3 1 0 2 2 	-1.917560
3 1 0 2 3 	-7.436943
3 1 0 3 0 	-7.792231
3 1 0 3 1 	2.016241
3 1 0 3 2 	0.228129
3 1 0 3 3 	-11.670955
3 1 1 0 0 	8.214448
3 1 1 0 1 	2.312030
3 1 1 0 2 	1.163637
3 1 1 0 3 	-7.528819
3 1 1 1 0 	0.742585
3 1 1 1 1 	-0.021219
3 1 1 1 2 	8.296430
3 1 1 1 3 	-3.249791
3 1 1 2 0 	1.223643
3 1 1 2 1 	1.477278
3 1 1 2 2 	-7.538220
3 1 1 2 3 	-2.491910
3 1 1 3 0 	-11.370713
3 1 1 3 1 	1.268335
3 1 1 3 2 	-2.070265
3 1 1 3 3 	-4.957198
3 1 2 0 0 	-0.019057
3 1 2 0 1 	3.707832
3 1 2 0 2 	-10.547893
3 1 2 0 3 	-9.110086
3 1 2 1 0 	1.949608
3 1 2 1 1 	7.015438
3 1 2 1 2 	-3.051095
3 1 2 1 3 	5.674837
3 1 2 2 0 	1.887202
3 1 2 2 1 	1.365835
3 1 2 2 2 	1.817500
3 1 2 2 3 	20.727031
3 1 2 3 0 	2.588991
3 1 2 3 1 	1.924600
3 1 2 3 2 	-8.174208
3 1 2 3 3 	-10.922865
3 1 3 0 0 	1.566154
3 1 3 0 1 	0.531872
3 1 3 0 2 	-3.676159
3 1 3 0 3 	-0.944490
3 1 3 1 0 	4.190235
3 1 3 1 1 	1.988101
3 1 3 1 2 	4.649485
3 1 3 1 3 	8.327142
3 1 3 2 0 	-0.126702
3 1 3 2 1 	-3.008000
3 1 3 2 2 	-2.314196
3 1 3 2 3 	-24.773574
3 1 3 3 0 	-7.525068
3 1 3 3 1 	4.132657
3 1 3 3 2 	-3.969035
3 1 3 3 3 	-1.539214
3 2 0 0 0 	-9.193999
3 2 0 0 1 	-13.461261
3 2 0 0 2 	-2.000057
3 2 0 0 3 	-3.857730
3 2 0 1 0 	-23.570973
3 2 0 1 1 	3.931137
3 2 0 1 2 	-16.823769
3 2 0 1 3 	0.410168
3 2 0 2 0 	13.059417
3 2 0 2 1 	1.622987
3 2 0 2 2 	0.135161
3 2 0 2 3 	3.590153
3 2 0 3 0 	-13.088772
3 2 0 3 1 	2.856974
3 2 0 3 2 	2.147894
3 2 0 3 3 	-3.551369
3 2 1 0 0 	-2.239367
3 2 1 0 1 	1.392446
3 2 1 0 2 	0.281926
3 2 1 0 3 	-8.507447
3 2 1 1 0 	-2.596010
3 2 1 1 1 	-14.203718
3 2 1 1 2 	-2.407691
3 2 1 1 3 	-1.251189
3 2 1 2 0 	2.613732
3 2 1 2 1 	-3.835951
3 2 1 2 2 	-3.396914
3 2 1 2 3 	-2.137879
3 2 1 3 0 	-11.845492
3 2 1 3 1 	-0.265594
3 2 1 3 2 	-7.563453
3 2 1 3 3 	0.087834
3 2 2 0 0 	-19.633377
3 2 2 0 1 	3.880152
3 2 2 0 2 	1.894309
3 2 2 0 3 	1.354752
3 2 2 1 0 	2.008353
3 2 2 1 1 	-10.641299
3 2 2 1 2 	-7.064869
3 2 2 1 3 	-0.969513
3 2 2 2 0 	-2.865582
3 2 2 2 1 	-1.575423
3 2 2 2 2 	26.059754
3 2 2 2 3 	2.403461
3 2 2 3 0 	-18.463797
3 2 2 3 1 	-3.359474
3 2 2 3 2 	2.308335
3 2 2 3 3 	3.736413
3 2 3 0 0 	1.806655
3 2 3 0 1 	-9.455863
3 2 3 0 2 	5.422935
3 2 3 0 3 	-4.292663
3 2 3 1 0 	0.425590
3 2 3 1 1 	-9.833475
3 2 3 1 2 	3.125742
3 2 3 1 3 	-14.804946
3 2 3 2 0 	-1.433384
3 2 3 2 1 	-3.220753
3 2 3 2 2 	3.805990
3 2 3 2 3 	-8.149370
3 2 3 3 0 	1.298837
3 2 3 3 1 	-6.104331
3 2 3 3 2 	0.125991
3 2 3 3 3 	-1.359466
3 3 0 0 0 	-5.555382
3 3 0 0 1 	2.580198
3 3 0 0 2 	-9.008737
3 3 0 0 3 	-1.565833
3 3 0 1 0 	-0.243875
3 3 0 1 1 	-3.840312
3 3 0 1 2 	12.991816
3 3 0 1 3 	-13.206252
3 3 0 2 0 	-4.381791
3 3 0 2 1 	0.550515
3 3 0 2 2 	-0.343743
3 3 0 2 3 	-1.881121
3 3 0 3 0 	-0.263502
3 3 0 3 1 	2.203816
3 3 0 3 2 	0.335371
3 3 0 3 3 	-7.483224
3 3 1 0 0 	5.082625
3 3 1 0 1 	-4.807261
3 3 1 0 2 	7.357316
3 3 1 0 3 	1.045145
3 3 1 1 0 	-4.582797
3 3 1 1 1 	-17.577441
3 3 1 1 2 	-3.086963
3 3 1 1 3 	0.463288
3 3 1 2 0 	3.268165
3 3 1 2 1 	-15.911087
3 3 1 2 2 	-7.109626
3 3 1 2 3 	-2.954441
3 3 1 3 0 	-1.381076
3 3 1 3 1 	-0.614566
3 3 1 3 2 	2.044627
3 3 1 3 3 	14.437055
3 3 2 0 0 	6.966620
3 3 2 0 1 	-1.044207
3 3 2 0 2 	1.945522
3 3 2 0 3 	-9.111508
3 3 2 1 0 	-9.915886
3 3 2 1 1 	-4.586349
3 3 2 1 2 	3.501298
3 3 2 1 3 	-17.119517
3 3 2 2 0 	-9.252412
3 3 2 2 1 	-2.438009
3 3 2 2 2 	-4.760274
3 3 2 2 3 	-0.637464
3 3 2 3 0 	5.805316
3 3 2 3 1 	-8.130142
3 3 2 3 2 	0.586341
3 3 2 3 3 	-5.193623
3 3 3 0 0 	12.484931
3 3 3 0 1 	0.738393
3 3 3 0 2 	-3.424431
3 3 3 0 3 	-6.219099
3 3 3 1 0 	-0.662730
3 3 3 1 1 	-2.427599
3 3 3 1 2 	-4.414915
3 3 3 1 3 	4.704662
3 3 3 2 0 	9.687431
3 3 3 2 1 	3.413983
3 3 3 2 2 	0.979996
3 3 3 2 3 	-0.999214
3 3 3 3 0 	3.096267
3 3 3 3 1 	-3.597644
3 3 3 3 2 	22.369153
3 3 3 3 3 	-6.080857

